25
20
1
34
Prototype_GameObject_DecoObject
Layer_BackGround_Object
5
0
2
2
57
3.34799981
0.00000000
0.00000000
0.00000000
0.00000000
4.26099968
0.00000000
0.00000000
0.00000000
0.00000000
0.99999994
0.00000000
-1.57999659
2.13050008
16.55266380
1.00000000
Prototype_GameObject_DecoObject
Layer_BackGround_Object
5
0
2
2
57
3.34799981
0.00000000
0.00000000
0.00000000
0.00000000
4.26099968
0.00000000
0.00000000
0.00000000
0.00000000
0.99999994
0.00000000
-1.69131517
2.13050008
13.05023766
1.00000000
Prototype_GameObject_DecoObject
Layer_BackGround_Object
5
0
2
2
57
3.34799981
0.00000000
0.00000000
0.00000000
0.00000000
4.26099968
0.00000000
0.00000000
0.00000000
0.00000000
0.99999994
0.00000000
-1.71828628
2.13050008
9.54483604
1.00000000
Prototype_GameObject_DecoObject
Layer_BackGround_Object
5
0
2
2
57
3.34799981
0.00000000
0.00000000
0.00000000
0.00000000
4.26099968
0.00000000
0.00000000
0.00000000
0.00000000
0.99999994
0.00000000
-1.84949422
2.13050008
6.13659286
1.00000000
Prototype_GameObject_DecoObject
Layer_BackGround_Object
5
0
2
2
57
3.34799981
0.00000000
0.00000000
0.00000000
0.00000000
4.26099968
0.00000000
0.00000000
0.00000000
0.00000000
0.99999994
0.00000000
-1.67159081
2.13050008
2.70154190
1.00000000
Prototype_GameObject_DecoObject
Layer_BackGround_Object
5
0
2
2
57
3.34799981
0.00000000
0.00000000
0.00000000
0.00000000
4.26099968
0.00000000
0.00000000
0.00000000
0.00000000
0.99999994
0.00000000
-1.80769515
2.13050008
-0.08560944
1.00000000
Prototype_GameObject_DecoObject
Layer_BackGround_Object
5
0
2
2
57
3.34799981
0.00000000
0.00000000
0.00000000
0.00000000
4.26099968
0.00000000
0.00000000
0.00000000
0.00000000
0.99999994
0.00000000
25.65063858
2.13050008
17.03312874
1.00000000
Prototype_GameObject_DecoObject
Layer_BackGround_Object
5
0
2
2
57
3.34799981
0.00000000
0.00000000
0.00000000
0.00000000
4.26099968
0.00000000
0.00000000
0.00000000
0.00000000
0.99999994
0.00000000
25.42893219
2.13050008
13.48150444
1.00000000
Prototype_GameObject_DecoObject
Layer_BackGround_Object
5
0
2
2
57
3.34799981
0.00000000
0.00000000
0.00000000
0.00000000
4.26099968
0.00000000
0.00000000
0.00000000
0.00000000
0.99999994
0.00000000
25.44812393
2.13050008
9.71464539
1.00000000
Prototype_GameObject_DecoObject
Layer_BackGround_Object
5
0
2
2
57
3.34799981
0.00000000
0.00000000
0.00000000
0.00000000
4.26099968
0.00000000
0.00000000
0.00000000
0.00000000
0.99999994
0.00000000
25.50516701
2.13050008
6.53187370
1.00000000
Prototype_GameObject_DecoObject
Layer_BackGround_Object
5
0
2
2
57
3.34799981
0.00000000
0.00000000
0.00000000
0.00000000
4.26099968
0.00000000
0.00000000
0.00000000
0.00000000
0.99999994
0.00000000
25.53006363
2.13050008
3.61815453
1.00000000
Prototype_GameObject_DecoObject
Layer_BackGround_Object
5
0
2
2
57
3.34799981
0.00000000
0.00000000
0.00000000
0.00000000
4.26099968
0.00000000
0.00000000
0.00000000
0.00000000
0.99999994
0.00000000
25.50741577
2.13050008
0.79993248
1.00000000
Prototype_GameObject_DecoObject
Layer_BackGround_Object
5
0
2
2
131
9.99999905
0.00000000
0.00000000
0.00000000
0.00000000
9.99999905
0.00000000
0.00000000
0.00000000
0.00000000
0.99999994
0.00000000
19.47331619
5.00000000
18.65302849
1.00000000
Prototype_GameObject_DecoObject
Layer_BackGround_Object
5
0
3
2
40
9.99999905
0.00000000
0.00000000
0.00000000
0.00000000
9.99999905
0.00000000
0.00000000
0.00000000
0.00000000
0.99999994
0.00000000
12.86319160
5.00000000
19.18760872
1.00000000
Prototype_GameObject_DecoObject
Layer_BackGround_Object
5
0
3
2
39
9.99999905
0.00000000
0.00000000
0.00000000
0.00000000
9.99999905
0.00000000
0.00000000
0.00000000
0.00000000
0.99999994
0.00000000
13.81537819
5.00000000
23.00664330
1.00000000
Prototype_GameObject_DecoObject
Layer_BackGround_Object
5
0
3
2
38
3.41299987
0.00000000
0.00000000
0.00000000
0.00000000
3.57599974
0.00000000
0.00000000
0.00000000
0.00000000
0.99999994
0.00000000
7.58952999
1.78799999
20.11101913
1.00000000
Prototype_GameObject_DecoObject
Layer_BackGround_Object
5
0
3
2
37
3.41299987
0.00000000
0.00000000
0.00000000
0.00000000
3.57599974
0.00000000
0.00000000
0.00000000
0.00000000
0.99999994
0.00000000
23.66789246
1.78799999
14.38526344
1.00000000
Prototype_GameObject_DecoObject
Layer_BackGround_Object
5
0
3
2
37
3.41299987
0.00000000
0.00000000
0.00000000
0.00000000
3.57599974
0.00000000
0.00000000
0.00000000
0.00000000
0.99999994
0.00000000
0.14655805
1.78799999
1.93424988
1.00000000
Prototype_GameObject_InteractObject
Layer_BackGround_Object
3
0
0
2
28
2.07599974
0.00000000
0.00000000
0.00000000
0.00000000
1.81499994
0.00000000
0.00000000
0.00000000
0.00000000
0.99999994
0.00000000
1.09201527
0.90750003
15.41861153
1.00000000
Prototype_GameObject_InteractObject
Layer_BackGround_Object
3
0
0
2
28
2.07599974
0.00000000
0.00000000
0.00000000
0.00000000
1.81499994
0.00000000
0.00000000
0.00000000
0.00000000
0.99999994
0.00000000
21.55290222
0.90750003
1.19581223
1.00000000
Prototype_GameObject_InteractObject
Layer_BackGround_Object
3
0
0
2
50
2.07599974
0.00000000
0.00000000
0.00000000
0.00000000
1.81499994
0.00000000
0.00000000
0.00000000
0.00000000
0.99999994
0.00000000
2.11569905
0.90750003
0.49455070
1.00000000
Prototype_GameObject_InteractObject
Layer_BackGround_Object
3
0
0
2
50
2.07599974
0.00000000
0.00000000
0.00000000
0.00000000
1.81499994
0.00000000
0.00000000
0.00000000
0.00000000
0.99999994
0.00000000
19.04403877
0.90750003
16.03891945
1.00000000
Prototype_GameObject_InteractObject
Layer_BackGround_Object
2
0
0
2
8
2.07599974
0.00000000
0.00000000
0.00000000
0.00000000
3.54299974
0.00000000
0.00000000
0.00000000
0.00000000
0.99999994
0.00000000
23.67911720
1.77149999
4.88895798
1.00000000
Prototype_GameObject_InteractObject
Layer_BackGround_Object
2
0
0
2
8
2.07599974
0.00000000
0.00000000
0.00000000
0.00000000
3.54299974
0.00000000
0.00000000
0.00000000
0.00000000
0.99999994
0.00000000
0.01985431
1.77149999
10.84859848
1.00000000
Prototype_GameObject_DecoObject
Layer_BackGround_Object
5
0
2
2
44
2.07599974
0.00000000
0.00000000
0.00000000
0.00000000
1.91299987
0.00000000
0.00000000
0.00000000
0.00000000
0.99999994
0.00000000
4.17570734
0.95649999
13.63882637
1.00000000
Prototype_GameObject_DecoObject
Layer_BackGround_Object
5
0
2
2
44
2.07599974
0.00000000
0.00000000
0.00000000
0.00000000
1.91299987
0.00000000
0.00000000
0.00000000
0.00000000
0.99999994
0.00000000
20.21882057
0.95649999
3.67111588
1.00000000
Prototype_GameObject_DecoObject
Layer_BackGround_Object
5
0
2
2
62
1.55399990
0.00000000
0.00000000
0.00000000
0.00000000
5.20699930
0.00000000
0.00000000
0.00000000
0.00000000
0.99999994
0.00000000
8.82321262
2.60349989
0.32411766
1.00000000
Prototype_GameObject_DecoObject
Layer_BackGround_Object
5
0
2
2
62
1.55399990
0.00000000
0.00000000
0.00000000
0.00000000
5.20699930
0.00000000
0.00000000
0.00000000
0.00000000
0.99999994
0.00000000
14.27199745
2.60349989
0.34099579
1.00000000
Prototype_GameObject_DecoObject
Layer_BackGround_Object
5
0
2
2
62
1.55399990
0.00000000
0.00000000
0.00000000
0.00000000
5.20699930
0.00000000
0.00000000
0.00000000
0.00000000
0.99999994
0.00000000
-10.19782829
2.60349989
-11.91390514
1.00000000
Prototype_GameObject_DecoObject
Layer_BackGround_Object
5
0
2
2
51
1.55399990
0.00000000
0.00000000
0.00000000
0.00000000
7.06599951
0.00000000
0.00000000
0.00000000
0.00000000
0.99999994
0.00000000
24.04499817
3.53299999
17.15995407
1.00000000
Prototype_GameObject_DecoObject
Layer_BackGround_Object
5
0
2
2
51
1.55399990
0.00000000
0.00000000
0.00000000
0.00000000
7.06599951
0.00000000
0.00000000
0.00000000
0.00000000
0.99999994
0.00000000
-0.62435102
3.53299999
18.80559540
1.00000000
Prototype_GameObject_DecoObject
Layer_BackGround_Object
5
0
2
2
65
1.55399990
0.00000000
0.00000000
0.00000000
0.00000000
2.50099969
0.00000000
0.00000000
0.00000000
0.00000000
0.99999994
0.00000000
5.87358427
1.25049996
4.93633652
1.00000000
Prototype_GameObject_DecoObject
Layer_BackGround_Object
5
0
2
2
65
1.55399990
0.00000000
0.00000000
0.00000000
0.00000000
2.50099969
0.00000000
0.00000000
0.00000000
0.00000000
0.99999994
0.00000000
9.31597137
1.25049996
15.53515244
1.00000000
Prototype_GameObject_DecoObject
Layer_BackGround_Object
5
1
2
1
15
9.99999905
0.00000000
0.00000000
0.00000000
0.00000000
0.99999994
0.00000000
0.00000000
0.00000000
0.00000000
9.99999905
0.00000000
11.65172863
0.49999994
8.86711979
1.00000000
