20
20
11
64
Prototype_GameObject_DecoObject
Layer_BackGround_Object
5
0
3
0
28
2.14099908
0.00000000
0.00000000
0.00000000
0.00000000
2.04299903
0.00000000
0.00000000
0.00000000
0.00000000
0.99999976
0.00000000
9.39268112
1.02149940
3.50999999
1.00000000
Prototype_GameObject_DecoObject
Layer_BackGround_Object
5
0
3
0
21
2.04299903
0.00000000
0.00000000
0.00000000
0.00000000
1.42399955
0.00000000
0.00000000
0.00000000
0.00000000
0.99999976
0.00000000
9.39934731
0.71199971
5.45967388
1.00000000
Prototype_GameObject_DecoObject
Layer_BackGround_Object
5
1
3
0
20
5.27199793
0.00000000
0.00000000
0.00000000
0.00000000
1.42399955
0.00000000
0.00000000
0.00000000
0.00000000
1.61999953
0.00000000
9.40353870
0.71199971
6.51000023
1.00000000
Prototype_GameObject_DecoObject
Layer_BackGround_Object
5
1
3
1
17
3.54299903
0.00000000
0.00000000
0.00000000
0.00000000
1.42399955
0.00000000
0.00000000
0.00000000
0.00000000
1.06499958
0.00000000
6.82996511
0.71199971
7.87126732
1.00000000
Prototype_GameObject_DecoObject
Layer_BackGround_Object
5
1
3
1
17
3.54299903
0.00000000
0.00000000
0.00000000
0.00000000
1.42399955
0.00000000
0.00000000
0.00000000
0.00000000
1.06499958
0.00000000
12.07507706
0.71199971
7.95396996
1.00000000
Prototype_GameObject_DecoObject
Layer_BackGround_Object
5
0
3
0
16
1.91299951
0.00000000
0.00000000
0.00000000
0.00000000
1.81499958
0.00000000
0.00000000
0.00000000
0.00000000
1.06499958
0.00000000
11.41494083
0.90749973
5.46747065
1.00000000
Prototype_GameObject_DecoObject
Layer_BackGround_Object
5
0
3
0
16
1.91299951
0.00000000
0.00000000
0.00000000
0.00000000
1.81499958
0.00000000
0.00000000
0.00000000
0.00000000
1.06499958
0.00000000
7.50000000
0.90749973
5.46750784
1.00000000
Prototype_GameObject_DecoObject
Layer_BackGround_Object
5
0
3
0
16
3.51099896
0.00000000
0.00000000
0.00000000
0.00000000
4.29299831
0.00000000
0.00000000
0.00000000
0.00000000
1.06499958
0.00000000
15.50000000
2.14649892
13.51000023
1.00000000
Prototype_GameObject_DecoObject
Layer_BackGround_Object
5
0
3
0
16
3.51099896
0.00000000
0.00000000
0.00000000
0.00000000
4.29299831
0.00000000
0.00000000
0.00000000
0.00000000
1.06499958
0.00000000
3.50000000
2.14649892
13.51000023
1.00000000
Prototype_GameObject_DecoObject
Layer_BackGround_Object
5
0
3
0
14
1.55399954
0.00000000
0.00000000
0.00000000
0.00000000
2.10899901
0.00000000
0.00000000
0.00000000
0.00000000
1.06499958
0.00000000
15.50000000
1.05449939
10.42842770
1.00000000
Prototype_GameObject_DecoObject
Layer_BackGround_Object
5
0
2
0
18
2.76099896
0.00000000
0.00000000
0.00000000
0.00000000
7.45699787
0.00000000
0.00000000
0.00000000
0.00000000
1.06499958
0.00000000
5.46074247
3.72849870
15.51000023
1.00000000
Prototype_GameObject_DecoObject
Layer_BackGround_Object
5
0
2
0
18
2.76099896
0.00000000
0.00000000
0.00000000
0.00000000
7.45699787
0.00000000
0.00000000
0.00000000
0.00000000
1.06499958
0.00000000
13.50000000
3.72849870
15.51000023
1.00000000
Prototype_GameObject_DecoObject
Layer_BackGround_Object
5
0
3
1
19
3.83699894
0.00000000
0.00000000
0.00000000
0.00000000
4.71699810
0.00000000
0.00000000
0.00000000
0.00000000
1.06499958
0.00000000
7.62176704
2.35849881
18.10416603
1.00000000
Prototype_GameObject_DecoObject
Layer_BackGround_Object
5
0
3
1
19
3.83699894
0.00000000
0.00000000
0.00000000
0.00000000
4.71699810
0.00000000
0.00000000
0.00000000
0.00000000
1.06499958
0.00000000
14.25716400
2.35849881
16.25835800
1.00000000
Prototype_GameObject_DecoObject
Layer_BackGround_Object
5
0
3
1
19
2.85899901
0.00000000
0.00000000
0.00000000
0.00000000
4.71699810
0.00000000
0.00000000
0.00000000
0.00000000
1.06499958
0.00000000
1.51571751
2.35849881
16.32930946
1.00000000
Prototype_GameObject_DecoObject
Layer_BackGround_Object
5
0
3
1
19
5.30399799
0.00000000
0.00000000
0.00000000
0.00000000
8.14099598
0.00000000
0.00000000
0.00000000
0.00000000
1.06499958
0.00000000
3.35528731
4.07049751
18.18443680
1.00000000
Prototype_GameObject_DecoObject
Layer_BackGround_Object
5
0
3
1
19
8.89099598
0.00000000
0.00000000
0.00000000
0.00000000
8.14099598
0.00000000
0.00000000
0.00000000
0.00000000
1.06499958
0.00000000
14.24827290
4.07049751
18.06845665
1.00000000
Prototype_GameObject_DecoObject
Layer_BackGround_Object
5
0
3
2
19
9.77199650
0.00000000
0.00000000
0.00000000
0.00000000
9.99999619
0.00000000
0.00000000
0.00000000
0.00000000
1.06499958
0.00000000
10.08415985
5.00000000
20.69744873
1.00000000
Prototype_GameObject_DecoObject
Layer_BackGround_Object
5
0
3
2
19
6.83699799
0.00000000
0.00000000
0.00000000
0.00000000
6.31499815
0.00000000
0.00000000
0.00000000
0.00000000
1.06499958
0.00000000
19.95688629
3.15750003
19.92843628
1.00000000
Prototype_GameObject_DecoObject
Layer_BackGround_Object
5
0
3
2
19
6.83699799
0.00000000
0.00000000
0.00000000
0.00000000
7.91299820
0.00000000
0.00000000
0.00000000
0.00000000
1.06499958
0.00000000
-0.46160746
3.95650005
19.91152954
1.00000000
Prototype_GameObject_DecoObject
Layer_BackGround_Object
5
0
2
2
73
1.81599951
0.00000000
0.00000000
0.00000000
0.00000000
3.70699906
0.00000000
0.00000000
0.00000000
0.00000000
1.06499958
0.00000000
19.77015305
1.85350001
6.90966225
1.00000000
Prototype_GameObject_DecoObject
Layer_BackGround_Object
5
0
2
2
73
1.81599951
0.00000000
0.00000000
0.00000000
0.00000000
3.70699906
0.00000000
0.00000000
0.00000000
0.00000000
1.06499958
0.00000000
-0.86089879
1.85350001
17.92538452
1.00000000
Prototype_GameObject_DecoObject
Layer_BackGround_Object
5
0
3
0
22
7.12999868
0.00000000
0.00000000
0.00000000
0.00000000
3.24999928
0.00000000
0.00000000
0.00000000
0.00000000
0.99999982
0.00000000
9.47066402
1.62499952
9.48066425
1.00000000
Prototype_GameObject_DecoObject
Layer_BackGround_Object
5
0
3
0
16
2.43399930
0.00000000
0.00000000
0.00000000
0.00000000
3.24999928
0.00000000
0.00000000
0.00000000
0.00000000
0.99999982
0.00000000
4.48641348
1.62499952
9.48282719
1.00000000
Prototype_GameObject_DecoObject
Layer_BackGround_Object
5
0
3
0
16
2.43399930
0.00000000
0.00000000
0.00000000
0.00000000
3.24999928
0.00000000
0.00000000
0.00000000
0.00000000
0.99999982
0.00000000
14.50000000
1.62499952
9.48299885
1.00000000
Prototype_GameObject_DecoObject
Layer_BackGround_Object
5
0
3
0
31
7.97799969
0.00000000
0.00000000
0.00000000
0.00000000
7.29299974
0.00000000
0.00000000
0.00000000
0.00000000
0.99999994
0.00000000
9.48107815
3.64649963
8.49107838
1.00000000
Prototype_GameObject_DecoObject
Layer_BackGround_Object
5
0
2
2
10
5.69499969
0.00000000
0.00000000
0.00000000
0.00000000
9.99999905
0.00000000
0.00000000
0.00000000
0.00000000
0.99999994
0.00000000
-2.64231110
5.00000000
13.23377991
1.00000000
Prototype_GameObject_DecoObject
Layer_BackGround_Object
5
0
2
2
10
5.69499969
0.00000000
0.00000000
0.00000000
0.00000000
9.99999905
0.00000000
0.00000000
0.00000000
0.00000000
0.99999994
0.00000000
20.45446396
5.00000000
14.16194153
1.00000000
Prototype_GameObject_DecoObject
Layer_BackGround_Object
5
0
2
2
11
4.81499958
0.00000000
0.00000000
0.00000000
0.00000000
7.84799957
0.00000000
0.00000000
0.00000000
0.00000000
0.99999994
0.00000000
-1.37505102
3.92400002
7.40862465
1.00000000
Prototype_GameObject_DecoObject
Layer_BackGround_Object
5
0
2
2
11
4.81499958
0.00000000
0.00000000
0.00000000
0.00000000
7.84799957
0.00000000
0.00000000
0.00000000
0.00000000
0.99999994
0.00000000
21.10141945
3.92400002
8.99656868
1.00000000
Prototype_GameObject_DecoObject
Layer_BackGround_Object
5
0
2
2
25
4.81499958
0.00000000
0.00000000
0.00000000
0.00000000
7.84799957
0.00000000
0.00000000
0.00000000
0.00000000
0.99999994
0.00000000
19.61434746
3.92400002
11.28606987
1.00000000
Prototype_GameObject_DecoObject
Layer_BackGround_Object
5
0
2
2
31
3.47799969
0.00000000
0.00000000
0.00000000
0.00000000
5.62999964
0.00000000
0.00000000
0.00000000
0.00000000
0.99999994
0.00000000
-0.79708529
2.81500006
11.50343323
1.00000000
Prototype_GameObject_DecoObject
Layer_BackGround_Object
5
0
2
2
31
3.47799969
0.00000000
0.00000000
0.00000000
0.00000000
5.62999964
0.00000000
0.00000000
0.00000000
0.00000000
0.99999994
0.00000000
-0.98103237
2.81500006
5.36960220
1.00000000
Prototype_GameObject_DecoObject
Layer_BackGround_Object
5
0
2
0
28
3.47799969
0.00000000
0.00000000
0.00000000
0.00000000
5.62999964
0.00000000
0.00000000
0.00000000
0.00000000
0.99999994
0.00000000
1.49860966
2.81499958
14.51000023
1.00000000
Prototype_GameObject_DecoObject
Layer_BackGround_Object
5
0
2
0
28
3.47799969
0.00000000
0.00000000
0.00000000
0.00000000
5.62999964
0.00000000
0.00000000
0.00000000
0.00000000
0.99999994
0.00000000
17.47798538
2.81499958
15.51000023
1.00000000
Prototype_GameObject_DecoObject
Layer_BackGround_Object
5
0
2
0
28
3.47799969
0.00000000
0.00000000
0.00000000
0.00000000
5.62999964
0.00000000
0.00000000
0.00000000
0.00000000
0.99999994
0.00000000
9.48918724
2.81499958
16.48837471
1.00000000
Prototype_GameObject_DecoObject
Layer_BackGround_Object
5
0
2
0
28
2.33699965
0.00000000
0.00000000
0.00000000
0.00000000
4.06499958
0.00000000
0.00000000
0.00000000
0.00000000
0.99999994
0.00000000
0.49999997
2.03249955
12.51000023
1.00000000
Prototype_GameObject_DecoObject
Layer_BackGround_Object
5
0
2
0
28
2.33699965
0.00000000
0.00000000
0.00000000
0.00000000
4.06499958
0.00000000
0.00000000
0.00000000
0.00000000
0.99999994
0.00000000
18.47941780
2.03249955
13.51000023
1.00000000
Prototype_GameObject_DecoObject
Layer_BackGround_Object
5
0
2
0
32
0.99999994
0.00000000
0.00000000
0.00000000
0.00000000
1.45599985
0.00000000
0.00000000
0.00000000
0.00000000
0.99999994
0.00000000
2.49775290
0.72799987
10.50101185
1.00000000
Prototype_GameObject_DecoObject
Layer_BackGround_Object
5
0
2
0
32
0.99999994
0.00000000
0.00000000
0.00000000
0.00000000
1.45599985
0.00000000
0.00000000
0.00000000
0.00000000
0.99999994
0.00000000
15.50000000
0.72799987
5.50554943
1.00000000
Prototype_GameObject_DecoObject
Layer_BackGround_Object
5
0
2
0
32
0.99999994
0.00000000
0.00000000
0.00000000
0.00000000
1.45599985
0.00000000
0.00000000
0.00000000
0.00000000
0.99999994
0.00000000
0.49999997
0.72799987
6.51000023
1.00000000
Prototype_GameObject_DecoObject
Layer_BackGround_Object
5
0
2
0
32
0.99999994
0.00000000
0.00000000
0.00000000
0.00000000
1.45599985
0.00000000
0.00000000
0.00000000
0.00000000
0.99999994
0.00000000
18.48267174
0.72799987
11.50133610
1.00000000
Prototype_GameObject_DecoObject
Layer_BackGround_Object
5
0
2
0
32
0.99999994
0.00000000
0.00000000
0.00000000
0.00000000
1.45599985
0.00000000
0.00000000
0.00000000
0.00000000
0.99999994
0.00000000
14.50000000
0.72799987
14.51000023
1.00000000
Prototype_GameObject_InteractObject
Layer_BackGround_Object
3
0
0
0
44
0.99999994
0.00000000
0.00000000
0.00000000
0.00000000
0.99999994
0.00000000
0.00000000
0.00000000
0.00000000
0.99999994
0.00000000
5.49714661
0.49999994
6.51000023
1.00000000
Prototype_GameObject_InteractObject
Layer_BackGround_Object
3
0
0
0
44
0.99999994
0.00000000
0.00000000
0.00000000
0.00000000
0.99999994
0.00000000
0.00000000
0.00000000
0.00000000
0.99999994
0.00000000
1.49930191
0.49999994
8.50441551
1.00000000
Prototype_GameObject_InteractObject
Layer_BackGround_Object
3
0
0
0
44
0.99999994
0.00000000
0.00000000
0.00000000
0.00000000
0.99999994
0.00000000
0.00000000
0.00000000
0.00000000
0.99999994
0.00000000
16.48898315
0.49999994
8.50449181
1.00000000
Prototype_GameObject_InteractObject
Layer_BackGround_Object
3
0
0
0
44
0.99999994
0.00000000
0.00000000
0.00000000
0.00000000
0.99999994
0.00000000
0.00000000
0.00000000
0.00000000
0.99999994
0.00000000
12.50000000
0.49999994
4.50726604
1.00000000
Prototype_GameObject_InteractObject
Layer_BackGround_Object
3
0
0
0
45
0.99999994
0.00000000
0.00000000
0.00000000
0.00000000
0.99999994
0.00000000
0.00000000
0.00000000
0.00000000
0.99999994
0.00000000
0.49999997
0.49999994
10.50493717
1.00000000
Prototype_GameObject_InteractObject
Layer_BackGround_Object
3
0
0
0
45
0.99999994
0.00000000
0.00000000
0.00000000
0.00000000
0.99999994
0.00000000
0.00000000
0.00000000
0.00000000
0.99999994
0.00000000
0.49999997
0.49999994
9.50498676
1.00000000
Prototype_GameObject_InteractObject
Layer_BackGround_Object
3
0
0
0
45
0.99999994
0.00000000
0.00000000
0.00000000
0.00000000
0.99999994
0.00000000
0.00000000
0.00000000
0.00000000
0.99999994
0.00000000
0.49999997
0.49999994
8.50502110
1.00000000
Prototype_GameObject_InteractObject
Layer_BackGround_Object
3
0
0
0
45
0.99999994
0.00000000
0.00000000
0.00000000
0.00000000
0.99999994
0.00000000
0.00000000
0.00000000
0.00000000
0.99999994
0.00000000
18.49018288
0.49999994
12.51000023
1.00000000
Prototype_GameObject_InteractObject
Layer_BackGround_Object
3
0
0
0
45
0.99999994
0.00000000
0.00000000
0.00000000
0.00000000
0.99999994
0.00000000
0.00000000
0.00000000
0.00000000
0.99999994
0.00000000
18.49073219
0.49999994
9.50536633
1.00000000
Prototype_GameObject_InteractObject
Layer_BackGround_Object
3
0
0
0
45
0.99999994
0.00000000
0.00000000
0.00000000
0.00000000
0.99999994
0.00000000
0.00000000
0.00000000
0.00000000
0.99999994
0.00000000
18.49082565
0.49999994
7.51000023
1.00000000
Prototype_GameObject_InteractObject
Layer_BackGround_Object
3
0
0
0
45
0.99999994
0.00000000
0.00000000
0.00000000
0.00000000
0.99999994
0.00000000
0.00000000
0.00000000
0.00000000
0.99999994
0.00000000
18.49091530
0.49999994
6.51000023
1.00000000
Prototype_GameObject_InteractObject
Layer_BackGround_Object
3
0
0
0
45
0.99999994
0.00000000
0.00000000
0.00000000
0.00000000
0.99999994
0.00000000
0.00000000
0.00000000
0.00000000
0.99999994
0.00000000
18.49125099
0.49999994
5.50781298
1.00000000
Prototype_GameObject_InteractObject
Layer_BackGround_Object
3
0
0
0
45
0.99999994
0.00000000
0.00000000
0.00000000
0.00000000
0.99999994
0.00000000
0.00000000
0.00000000
0.00000000
0.99999994
0.00000000
0.49999997
0.49999994
5.50785446
1.00000000
Prototype_GameObject_InteractObject
Layer_BackGround_Object
3
0
0
0
45
0.99999994
0.00000000
0.00000000
0.00000000
0.00000000
0.99999994
0.00000000
0.00000000
0.00000000
0.00000000
0.99999994
0.00000000
0.49999997
0.49999994
4.50787258
1.00000000
Prototype_GameObject_DecoObject
Layer_BackGround_Object
5
0
2
0
47
1.68499982
0.00000000
0.00000000
0.00000000
0.00000000
0.99999994
0.00000000
0.00000000
0.00000000
0.00000000
0.99999994
0.00000000
2.49957514
0.49999994
9.50830078
1.00000000
Prototype_GameObject_DecoObject
Layer_BackGround_Object
5
0
2
0
47
1.68499982
0.00000000
0.00000000
0.00000000
0.00000000
0.99999994
0.00000000
0.00000000
0.00000000
0.00000000
0.99999994
0.00000000
0.49999997
0.49999994
7.51000023
1.00000000
Prototype_GameObject_DecoObject
Layer_BackGround_Object
5
0
2
0
47
1.68499982
0.00000000
0.00000000
0.00000000
0.00000000
0.99999994
0.00000000
0.00000000
0.00000000
0.00000000
0.99999994
0.00000000
16.49736404
0.49999994
9.50868225
1.00000000
Prototype_GameObject_DecoObject
Layer_BackGround_Object
5
0
2
0
47
1.68499982
0.00000000
0.00000000
0.00000000
0.00000000
0.99999994
0.00000000
0.00000000
0.00000000
0.00000000
0.99999994
0.00000000
13.50000000
0.49999994
6.51000023
1.00000000
Prototype_GameObject_DecoObject
Layer_BackGround_Object
5
0
2
0
47
1.68499982
0.00000000
0.00000000
0.00000000
0.00000000
0.99999994
0.00000000
0.00000000
0.00000000
0.00000000
0.99999994
0.00000000
3.50000000
0.49999994
0.50994408
1.00000000
Prototype_GameObject_DecoObject
Layer_BackGround_Object
5
0
2
1
47
1.68499982
0.00000000
0.00000000
0.00000000
0.00000000
0.99999994
0.00000000
0.00000000
0.00000000
0.00000000
0.99999994
0.00000000
4.64616489
0.49999994
0.04328567
1.00000000
Prototype_GameObject_DecoObject
Layer_BackGround_Object
5
0
2
1
47
1.68499982
0.00000000
0.00000000
0.00000000
0.00000000
0.99999994
0.00000000
0.00000000
0.00000000
0.00000000
0.99999994
0.00000000
13.56199169
0.49999994
0.35048467
1.00000000
