25
20
11
33
Prototype_GameObject_DecoObject
Layer_BackGround_Object
5
0
2
1
63
1.62000000
0.00000000
0.00000000
0.00000000
0.00000000
1.71700001
0.00000000
0.00000000
0.00000000
0.00000000
1.00000000
0.00000000
1.10863733
0.85850000
0.56952095
1.00000000
Prototype_GameObject_DecoObject
Layer_BackGround_Object
5
0
2
1
61
1.62000000
0.00000000
0.00000000
0.00000000
0.00000000
1.71700001
0.00000000
0.00000000
0.00000000
0.00000000
1.00000000
0.00000000
3.05244923
0.85850000
13.42321205
1.00000000
Prototype_GameObject_DecoObject
Layer_BackGround_Object
5
0
2
1
61
1.62000000
0.00000000
0.00000000
0.00000000
0.00000000
1.71700001
0.00000000
0.00000000
0.00000000
0.00000000
1.00000000
0.00000000
22.42465591
0.85850000
0.38681030
1.00000000
Prototype_GameObject_DecoObject
Layer_BackGround_Object
5
0
2
1
71
1.62000000
0.00000000
0.00000000
0.00000000
0.00000000
1.71700001
0.00000000
0.00000000
0.00000000
0.00000000
1.00000000
0.00000000
22.31217003
0.85850000
3.07807541
1.00000000
Prototype_GameObject_DecoObject
Layer_BackGround_Object
5
0
2
2
58
3.90199995
0.00000000
0.00000000
0.00000000
0.00000000
10.00000000
0.00000000
0.00000000
0.00000000
0.00000000
1.00000000
0.00000000
-1.81901264
5.00000000
14.84812927
1.00000000
Prototype_GameObject_DecoObject
Layer_BackGround_Object
5
0
2
2
58
3.90199995
0.00000000
0.00000000
0.00000000
0.00000000
10.00000000
0.00000000
0.00000000
0.00000000
0.00000000
1.00000000
0.00000000
-1.97328329
5.00000000
9.64195633
1.00000000
Prototype_GameObject_DecoObject
Layer_BackGround_Object
5
0
2
2
58
3.90199995
0.00000000
0.00000000
0.00000000
0.00000000
10.00000000
0.00000000
0.00000000
0.00000000
0.00000000
1.00000000
0.00000000
-1.86667299
5.00000000
4.68676949
1.00000000
Prototype_GameObject_DecoObject
Layer_BackGround_Object
5
0
2
2
58
3.90199995
0.00000000
0.00000000
0.00000000
0.00000000
10.00000000
0.00000000
0.00000000
0.00000000
0.00000000
1.00000000
0.00000000
25.50957108
5.00000000
15.92447662
1.00000000
Prototype_GameObject_DecoObject
Layer_BackGround_Object
5
0
2
2
58
3.90199995
0.00000000
0.00000000
0.00000000
0.00000000
10.00000000
0.00000000
0.00000000
0.00000000
0.00000000
1.00000000
0.00000000
25.08849525
5.00000000
6.01151657
1.00000000
Prototype_GameObject_DecoObject
Layer_BackGround_Object
5
0
2
2
58
3.90199995
0.00000000
0.00000000
0.00000000
0.00000000
10.00000000
0.00000000
0.00000000
0.00000000
0.00000000
1.00000000
0.00000000
25.10702896
5.00000000
10.64093399
1.00000000
Prototype_GameObject_DecoObject
Layer_BackGround_Object
5
0
2
1
20
1.32599998
0.00000000
0.00000000
0.00000000
0.00000000
4.35900021
0.00000000
0.00000000
0.00000000
0.00000000
1.00000000
0.00000000
22.93661308
2.17950010
11.58566093
1.00000000
Prototype_GameObject_DecoObject
Layer_BackGround_Object
5
0
2
1
20
1.32599998
0.00000000
0.00000000
0.00000000
0.00000000
4.35900021
0.00000000
0.00000000
0.00000000
0.00000000
1.00000000
0.00000000
7.51367283
2.17950010
0.28951454
1.00000000
Prototype_GameObject_DecoObject
Layer_BackGround_Object
5
0
2
1
20
1.32599998
0.00000000
0.00000000
0.00000000
0.00000000
4.35900021
0.00000000
0.00000000
0.00000000
0.00000000
1.00000000
0.00000000
0.53897810
2.17950010
10.89461327
1.00000000
Prototype_GameObject_DecoObject
Layer_BackGround_Object
5
0
2
1
20
1.32599998
0.00000000
0.00000000
0.00000000
0.00000000
4.35900021
0.00000000
0.00000000
0.00000000
0.00000000
1.00000000
0.00000000
15.22655106
2.17950010
0.51633835
1.00000000
Prototype_GameObject_DecoObject
Layer_BackGround_Object
5
0
2
1
38
1.32599998
0.00000000
0.00000000
0.00000000
0.00000000
2.20700002
0.00000000
0.00000000
0.00000000
0.00000000
1.00000000
0.00000000
1.97627258
1.10350001
3.21846962
1.00000000
Prototype_GameObject_DecoObject
Layer_BackGround_Object
5
0
2
1
38
1.32599998
0.00000000
0.00000000
0.00000000
0.00000000
2.20700002
0.00000000
0.00000000
0.00000000
0.00000000
1.00000000
0.00000000
22.43374443
1.10350001
14.81367493
1.00000000
Prototype_GameObject_InteractObject
Layer_BackGround_Object
3
0
0
1
41
1.32599998
0.00000000
0.00000000
0.00000000
0.00000000
1.45700002
0.00000000
0.00000000
0.00000000
0.00000000
1.00000000
0.00000000
4.70110226
0.72850001
8.72998619
1.00000000
Prototype_GameObject_InteractObject
Layer_BackGround_Object
3
0
0
1
41
1.32599998
0.00000000
0.00000000
0.00000000
0.00000000
1.45700002
0.00000000
0.00000000
0.00000000
0.00000000
1.00000000
0.00000000
12.30885506
0.72850001
9.80212021
1.00000000
Prototype_GameObject_InteractObject
Layer_BackGround_Object
3
0
0
1
41
1.32599998
0.00000000
0.00000000
0.00000000
0.00000000
1.45700002
0.00000000
0.00000000
0.00000000
0.00000000
1.00000000
0.00000000
5.79427862
0.72850001
2.85732269
1.00000000
Prototype_GameObject_InteractObject
Layer_BackGround_Object
3
0
0
1
41
1.32599998
0.00000000
0.00000000
0.00000000
0.00000000
1.45700002
0.00000000
0.00000000
0.00000000
0.00000000
1.00000000
0.00000000
18.27047539
0.72850001
16.44638443
1.00000000
Prototype_GameObject_InteractObject
Layer_BackGround_Object
3
0
0
1
42
1.32599998
0.00000000
0.00000000
0.00000000
0.00000000
1.45700002
0.00000000
0.00000000
0.00000000
0.00000000
1.00000000
0.00000000
1.55207777
0.72850001
15.60793686
1.00000000
Prototype_GameObject_InteractObject
Layer_BackGround_Object
3
0
0
1
42
1.32599998
0.00000000
0.00000000
0.00000000
0.00000000
1.45700002
0.00000000
0.00000000
0.00000000
0.00000000
1.00000000
0.00000000
3.40609717
0.72850001
1.30698204
1.00000000
Prototype_GameObject_InteractObject
Layer_BackGround_Object
3
0
0
1
42
1.32599998
0.00000000
0.00000000
0.00000000
0.00000000
1.45700002
0.00000000
0.00000000
0.00000000
0.00000000
1.00000000
0.00000000
21.40147972
0.72850001
8.63079643
1.00000000
Prototype_GameObject_InteractObject
Layer_BackGround_Object
3
0
0
1
42
1.32599998
0.00000000
0.00000000
0.00000000
0.00000000
1.45700002
0.00000000
0.00000000
0.00000000
0.00000000
1.00000000
0.00000000
8.59656143
0.72850001
14.79705429
1.00000000
Prototype_GameObject_DecoObject
Layer_BackGround_Object
5
0
2
2
129
5.76100016
0.00000000
0.00000000
0.00000000
0.00000000
10.00000000
0.00000000
0.00000000
0.00000000
0.00000000
1.00000000
0.00000000
3.09064794
5.00000000
18.84169006
1.00000000
Prototype_GameObject_DecoObject
Layer_BackGround_Object
5
0
2
2
129
5.76100016
0.00000000
0.00000000
0.00000000
0.00000000
10.00000000
0.00000000
0.00000000
0.00000000
0.00000000
1.00000000
0.00000000
13.55989838
5.00000000
18.84169388
1.00000000
Prototype_GameObject_DecoObject
Layer_BackGround_Object
5
0
2
2
78
5.76100016
0.00000000
0.00000000
0.00000000
0.00000000
10.00000000
0.00000000
0.00000000
0.00000000
0.00000000
1.00000000
0.00000000
8.47331619
5.00000000
19.87910461
1.00000000
Prototype_GameObject_DecoObject
Layer_BackGround_Object
5
0
2
1
102
3.54299998
0.00000000
0.00000000
0.00000000
0.00000000
4.61999989
0.00000000
0.00000000
0.00000000
0.00000000
1.00000000
0.00000000
6.81221437
2.30999994
16.31986237
1.00000000
Prototype_GameObject_DecoObject
Layer_BackGround_Object
5
0
2
2
96
3.05399990
0.00000000
0.00000000
0.00000000
0.00000000
5.82600021
0.00000000
0.00000000
0.00000000
0.00000000
1.00000000
0.00000000
6.93088722
2.91300011
20.83860207
1.00000000
Prototype_GameObject_DecoObject
Layer_BackGround_Object
5
0
2
2
98
3.93400002
0.00000000
0.00000000
0.00000000
0.00000000
10.00000000
0.00000000
0.00000000
0.00000000
0.00000000
1.00000000
0.00000000
22.40505791
5.00000000
19.20587349
1.00000000
Prototype_GameObject_DecoObject
Layer_BackGround_Object
5
0
2
2
127
3.93400002
0.00000000
0.00000000
0.00000000
0.00000000
10.00000000
0.00000000
0.00000000
0.00000000
0.00000000
1.00000000
0.00000000
17.09234428
5.00000000
19.05078316
1.00000000
Prototype_GameObject_DecoObject
Layer_BackGround_Object
5
0
2
2
9
2.17300010
0.00000000
0.00000000
0.00000000
0.00000000
4.81500006
0.00000000
0.00000000
0.00000000
0.00000000
1.00000000
0.00000000
20.02232361
2.40750003
18.14173889
1.00000000
Prototype_GameObject_DecoObject
Layer_BackGround_Object
5
1
2
1
15
10.00000000
0.00000000
0.00000000
0.00000000
0.00000000
1.00000000
0.00000000
0.00000000
0.00000000
0.00000000
10.00000000
0.00000000
12.29919910
0.50000000
8.41427040
1.00000000
