25
20
11
18
Prototype_GameObject_DecoObject
Layer_BackGround_Object
5
0
2
2
9
9.99999905
0.00000000
0.00000000
0.00000000
0.00000000
9.99999905
0.00000000
0.00000000
0.00000000
0.00000000
0.99999994
0.00000000
2.52349186
5.00000000
18.98727226
1.00000000
Prototype_GameObject_DecoObject
Layer_BackGround_Object
5
0
2
2
74
5.20699930
0.00000000
0.00000000
0.00000000
0.00000000
9.99999905
0.00000000
0.00000000
0.00000000
0.00000000
0.99999994
0.00000000
24.48979950
5.00000000
13.24878883
1.00000000
Prototype_GameObject_DecoObject
Layer_BackGround_Object
5
0
2
2
74
5.20699930
0.00000000
0.00000000
0.00000000
0.00000000
9.99999905
0.00000000
0.00000000
0.00000000
0.00000000
0.99999994
0.00000000
24.59567642
5.00000000
6.89983177
1.00000000
Prototype_GameObject_DecoObject
Layer_BackGround_Object
5
0
2
2
74
5.20699930
0.00000000
0.00000000
0.00000000
0.00000000
9.99999905
0.00000000
0.00000000
0.00000000
0.00000000
0.99999994
0.00000000
-1.98962069
5.00000000
13.31825447
1.00000000
Prototype_GameObject_DecoObject
Layer_BackGround_Object
5
0
2
2
74
5.20699930
0.00000000
0.00000000
0.00000000
0.00000000
9.99999905
0.00000000
0.00000000
0.00000000
0.00000000
0.99999994
0.00000000
-1.71093798
5.00000000
7.14015770
1.00000000
Prototype_GameObject_DecoObject
Layer_BackGround_Object
5
0
2
2
51
5.20699930
0.00000000
0.00000000
0.00000000
0.00000000
9.99999905
0.00000000
0.00000000
0.00000000
0.00000000
0.99999994
0.00000000
21.89427185
5.00000000
18.97836876
1.00000000
Prototype_GameObject_DecoObject
Layer_BackGround_Object
5
0
2
2
51
5.20699930
0.00000000
0.00000000
0.00000000
0.00000000
9.99999905
0.00000000
0.00000000
0.00000000
0.00000000
0.99999994
0.00000000
12.78787899
5.00000000
18.93068504
1.00000000
Prototype_GameObject_DecoObject
Layer_BackGround_Object
5
0
2
2
26
3.24999976
0.00000000
0.00000000
0.00000000
0.00000000
3.51099968
0.00000000
0.00000000
0.00000000
0.00000000
0.99999994
0.00000000
9.06620121
1.75549996
18.58941841
1.00000000
Prototype_GameObject_DecoObject
Layer_BackGround_Object
5
0
2
2
26
3.24999976
0.00000000
0.00000000
0.00000000
0.00000000
3.51099968
0.00000000
0.00000000
0.00000000
0.00000000
0.99999994
0.00000000
21.49110794
1.75549996
1.05170250
1.00000000
Prototype_GameObject_DecoObject
Layer_BackGround_Object
5
0
2
2
66
1.97799993
0.00000000
0.00000000
0.00000000
0.00000000
2.82599974
0.00000000
0.00000000
0.00000000
0.00000000
0.99999994
0.00000000
1.77480221
1.41299999
0.83318520
1.00000000
Prototype_GameObject_DecoObject
Layer_BackGround_Object
5
0
2
2
66
1.97799993
0.00000000
0.00000000
0.00000000
0.00000000
2.82599974
0.00000000
0.00000000
0.00000000
0.00000000
0.99999994
0.00000000
19.26925468
1.41299999
15.58856964
1.00000000
Prototype_GameObject_InteractObject
Layer_BackGround_Object
3
0
0
2
49
1.97799993
0.00000000
0.00000000
0.00000000
0.00000000
2.82599974
0.00000000
0.00000000
0.00000000
0.00000000
0.99999994
0.00000000
1.62930179
1.41299999
4.60388565
1.00000000
Prototype_GameObject_InteractObject
Layer_BackGround_Object
3
0
0
2
49
1.97799993
0.00000000
0.00000000
0.00000000
0.00000000
2.82599974
0.00000000
0.00000000
0.00000000
0.00000000
0.99999994
0.00000000
7.40468311
1.41299999
15.13934708
1.00000000
Prototype_GameObject_InteractObject
Layer_BackGround_Object
3
0
0
2
48
1.97799993
0.00000000
0.00000000
0.00000000
0.00000000
2.82599974
0.00000000
0.00000000
0.00000000
0.00000000
0.99999994
0.00000000
18.56599236
1.41299999
0.96019936
1.00000000
Prototype_GameObject_InteractObject
Layer_BackGround_Object
3
0
0
2
48
1.97799993
0.00000000
0.00000000
0.00000000
0.00000000
2.82599974
0.00000000
0.00000000
0.00000000
0.00000000
0.99999994
0.00000000
21.73329163
1.41299999
15.62083435
1.00000000
Prototype_GameObject_InteractObject
Layer_BackGround_Object
0
0
0
2
1
1.97799993
0.00000000
0.00000000
0.00000000
0.00000000
2.10899973
0.00000000
0.00000000
0.00000000
0.00000000
0.99999994
0.00000000
1.73131633
1.05449998
13.77239990
1.00000000
Prototype_GameObject_InteractObject
Layer_BackGround_Object
0
0
0
2
1
1.97799993
0.00000000
0.00000000
0.00000000
0.00000000
2.10899973
0.00000000
0.00000000
0.00000000
0.00000000
0.99999994
0.00000000
6.74273348
1.05449998
1.94039536
1.00000000
Prototype_GameObject_DecoObject
Layer_BackGround_Object
5
1
2
1
40
9.99999905
0.00000000
0.00000000
0.00000000
0.00000000
0.99999994
0.00000000
0.00000000
0.00000000
0.00000000
9.99999905
0.00000000
12.01683426
0.49999994
8.93563080
1.00000000
