25
20
11
24
Prototype_GameObject_DecoObject
Layer_BackGround_Object
5
0
2
0
46
5.92399979
0.00000000
0.00000000
0.00000000
0.00000000
5.92399979
0.00000000
0.00000000
0.00000000
0.00000000
1.00000000
0.00000000
2.70059443
2.96199989
18.87657928
1.00000000
Prototype_GameObject_DecoObject
Layer_BackGround_Object
5
0
2
0
46
5.92399979
0.00000000
0.00000000
0.00000000
0.00000000
5.92399979
0.00000000
0.00000000
0.00000000
0.00000000
1.00000000
0.00000000
17.86470413
2.96199989
18.87657928
1.00000000
Prototype_GameObject_DecoObject
Layer_BackGround_Object
5
0
2
0
49
3.57599998
0.00000000
0.00000000
0.00000000
0.00000000
6.21799994
0.00000000
0.00000000
0.00000000
0.00000000
1.00000000
0.00000000
6.85885620
3.10899997
18.54368401
1.00000000
Prototype_GameObject_DecoObject
Layer_BackGround_Object
5
0
2
0
101
3.57599998
0.00000000
0.00000000
0.00000000
0.00000000
6.21799994
0.00000000
0.00000000
0.00000000
0.00000000
1.00000000
0.00000000
-1.06621885
3.10899997
13.26097870
1.00000000
Prototype_GameObject_DecoObject
Layer_BackGround_Object
5
0
2
0
101
3.57599998
0.00000000
0.00000000
0.00000000
0.00000000
6.21799994
0.00000000
0.00000000
0.00000000
0.00000000
1.00000000
0.00000000
-1.08407569
3.10899997
8.33558846
1.00000000
Prototype_GameObject_DecoObject
Layer_BackGround_Object
5
0
2
0
101
3.57599998
0.00000000
0.00000000
0.00000000
0.00000000
6.21799994
0.00000000
0.00000000
0.00000000
0.00000000
1.00000000
0.00000000
-0.91608620
3.10899997
3.84241867
1.00000000
Prototype_GameObject_DecoObject
Layer_BackGround_Object
5
0
2
0
101
3.57599998
0.00000000
0.00000000
0.00000000
0.00000000
6.21799994
0.00000000
0.00000000
0.00000000
0.00000000
1.00000000
0.00000000
24.43096733
3.10899997
15.55928230
1.00000000
Prototype_GameObject_DecoObject
Layer_BackGround_Object
5
0
2
0
101
3.57599998
0.00000000
0.00000000
0.00000000
0.00000000
6.21799994
0.00000000
0.00000000
0.00000000
0.00000000
1.00000000
0.00000000
24.41003799
3.10899997
11.08573723
1.00000000
Prototype_GameObject_DecoObject
Layer_BackGround_Object
5
0
2
0
101
3.57599998
0.00000000
0.00000000
0.00000000
0.00000000
6.21799994
0.00000000
0.00000000
0.00000000
0.00000000
1.00000000
0.00000000
24.37376976
3.10899997
5.99461937
1.00000000
Prototype_GameObject_DecoObject
Layer_BackGround_Object
5
0
2
0
30
3.44600010
0.00000000
0.00000000
0.00000000
0.00000000
2.63000011
0.00000000
0.00000000
0.00000000
0.00000000
1.00000000
0.00000000
22.72507858
1.31500006
18.57062721
1.00000000
Prototype_GameObject_DecoObject
Layer_BackGround_Object
5
0
2
0
2
3.44600010
0.00000000
0.00000000
0.00000000
0.00000000
2.63000011
0.00000000
0.00000000
0.00000000
0.00000000
1.00000000
0.00000000
1.47496033
1.31500006
16.03152275
1.00000000
Prototype_GameObject_DecoObject
Layer_BackGround_Object
5
0
2
0
16
2.36999989
0.00000000
0.00000000
0.00000000
0.00000000
2.63000011
0.00000000
0.00000000
0.00000000
0.00000000
1.00000000
0.00000000
13.99995804
1.47368705
19.43406868
1.00000000
Prototype_GameObject_DecoObject
Layer_BackGround_Object
5
0
1
0
2
10.00000000
0.00000000
0.00000000
0.00000000
0.00000000
10.00000000
0.00000000
0.00000000
0.00000000
0.00000000
1.00000000
0.00000000
10.29479408
5.00000000
17.72965813
1.00000000
Prototype_GameObject_DecoObject
Layer_BackGround_Object
5
1
2
0
15
10.00000000
0.00000000
0.00000000
0.00000000
0.00000000
1.00000000
0.00000000
0.00000000
0.00000000
0.00000000
10.00000000
0.00000000
11.80037308
0.50000000
9.14641762
1.00000000
Prototype_GameObject_DecoObject
Layer_BackGround_Object
5
0
2
0
61
2.40199995
0.00000000
0.00000000
0.00000000
0.00000000
2.82599998
0.00000000
0.00000000
0.00000000
0.00000000
1.00000000
0.00000000
1.88488269
1.41299999
1.00912476
1.00000000
Prototype_GameObject_DecoObject
Layer_BackGround_Object
5
0
2
0
61
2.40199995
0.00000000
0.00000000
0.00000000
0.00000000
2.82599998
0.00000000
0.00000000
0.00000000
0.00000000
1.00000000
0.00000000
21.99731636
1.41299999
9.74390602
1.00000000
Prototype_GameObject_DecoObject
Layer_BackGround_Object
5
0
2
0
70
2.40199995
0.00000000
0.00000000
0.00000000
0.00000000
2.40199995
0.00000000
0.00000000
0.00000000
0.00000000
1.00000000
0.00000000
4.92723656
1.20099998
16.18188858
1.00000000
Prototype_GameObject_DecoObject
Layer_BackGround_Object
5
0
2
0
70
2.40199995
0.00000000
0.00000000
0.00000000
0.00000000
2.40199995
0.00000000
0.00000000
0.00000000
0.00000000
1.00000000
0.00000000
21.04022598
1.20099998
1.13397789
1.00000000
Prototype_GameObject_DecoObject
Layer_BackGround_Object
5
0
2
0
20
1.00000000
0.00000000
0.00000000
0.00000000
0.00000000
4.94500017
0.00000000
0.00000000
0.00000000
0.00000000
1.00000000
0.00000000
8.89003181
2.47250009
0.19988823
1.00000000
Prototype_GameObject_DecoObject
Layer_BackGround_Object
5
0
2
0
20
1.00000000
0.00000000
0.00000000
0.00000000
0.00000000
4.94500017
0.00000000
0.00000000
0.00000000
0.00000000
1.00000000
0.00000000
12.91023350
2.47250009
0.22587395
1.00000000
Prototype_GameObject_InteractObject
Layer_BackGround_Object
3
0
0
0
45
1.94500005
0.00000000
0.00000000
0.00000000
0.00000000
1.91299999
0.00000000
0.00000000
0.00000000
0.00000000
1.00000000
0.00000000
1.50000000
0.95649999
5.51000023
1.00000000
Prototype_GameObject_InteractObject
Layer_BackGround_Object
3
0
0
0
45
1.94500005
0.00000000
0.00000000
0.00000000
0.00000000
1.91299999
0.00000000
0.00000000
0.00000000
0.00000000
1.00000000
0.00000000
20.50000000
0.95649999
15.51000023
1.00000000
Prototype_GameObject_InteractObject
Layer_BackGround_Object
3
0
0
0
45
1.94500005
0.00000000
0.00000000
0.00000000
0.00000000
1.91299999
0.00000000
0.00000000
0.00000000
0.00000000
1.00000000
0.00000000
20.50000000
0.95649999
15.51000023
1.00000000
Prototype_GameObject_InteractObject
Layer_BackGround_Object
3
0
0
0
45
1.94500005
0.00000000
0.00000000
0.00000000
0.00000000
1.91299999
0.00000000
0.00000000
0.00000000
0.00000000
1.00000000
0.00000000
22.50000000
0.95649999
4.51000023
1.00000000
