30
20
11
37
Prototype_GameObject_DecoObject
Layer_BackGround_Object
5
0
1
2
4
5.79300022
0.00000000
0.00000000
0.00000000
0.00000000
5.89099979
0.00000000
0.00000000
0.00000000
0.00000000
1.00000000
0.00000000
-1.07701492
2.94549990
15.59044647
1.00000000
Prototype_GameObject_DecoObject
Layer_BackGround_Object
5
0
1
2
4
5.79300022
0.00000000
0.00000000
0.00000000
0.00000000
5.89099979
0.00000000
0.00000000
0.00000000
0.00000000
1.00000000
0.00000000
29.78214455
2.94549990
6.36910629
1.00000000
Prototype_GameObject_DecoObject
Layer_BackGround_Object
5
0
1
2
4
5.79300022
0.00000000
0.00000000
0.00000000
0.00000000
5.89099979
0.00000000
0.00000000
0.00000000
0.00000000
1.00000000
0.00000000
29.78214455
2.94549990
6.36910629
1.00000000
Prototype_GameObject_DecoObject
Layer_BackGround_Object
5
0
2
1
0
4.52099991
0.00000000
0.00000000
0.00000000
0.00000000
4.00000000
0.00000000
0.00000000
0.00000000
0.00000000
1.00000000
0.00000000
2.37254930
2.00000000
17.89899254
1.00000000
Prototype_GameObject_DecoObject
Layer_BackGround_Object
5
0
2
1
0
4.52099991
0.00000000
0.00000000
0.00000000
0.00000000
4.00000000
0.00000000
0.00000000
0.00000000
0.00000000
1.00000000
0.00000000
2.37254930
2.00000000
17.89899254
1.00000000
Prototype_GameObject_DecoObject
Layer_BackGround_Object
5
0
2
1
2
4.52099991
0.00000000
0.00000000
0.00000000
0.00000000
4.00000000
0.00000000
0.00000000
0.00000000
0.00000000
1.00000000
0.00000000
28.26738358
2.00000000
18.02224541
1.00000000
Prototype_GameObject_DecoObject
Layer_BackGround_Object
5
0
2
2
24
4.45599985
0.00000000
0.00000000
0.00000000
0.00000000
6.08699989
0.00000000
0.00000000
0.00000000
0.00000000
1.00000000
0.00000000
24.26402664
3.04349995
19.11577034
1.00000000
Prototype_GameObject_DecoObject
Layer_BackGround_Object
5
0
2
2
24
4.45599985
0.00000000
0.00000000
0.00000000
0.00000000
6.08699989
0.00000000
0.00000000
0.00000000
0.00000000
1.00000000
0.00000000
24.32648468
3.04349995
19.11577415
1.00000000
Prototype_GameObject_DecoObject
Layer_BackGround_Object
5
0
2
2
29
2.10899997
0.00000000
0.00000000
0.00000000
0.00000000
2.20700002
0.00000000
0.00000000
0.00000000
0.00000000
1.00000000
0.00000000
1.39975452
1.10350001
16.07928276
1.00000000
Prototype_GameObject_DecoObject
Layer_BackGround_Object
5
0
2
2
29
2.10899997
0.00000000
0.00000000
0.00000000
0.00000000
2.20700002
0.00000000
0.00000000
0.00000000
0.00000000
1.00000000
0.00000000
27.00553894
1.10350001
1.07462120
1.00000000
Prototype_GameObject_DecoObject
Layer_BackGround_Object
5
0
2
2
29
2.10899997
0.00000000
0.00000000
0.00000000
0.00000000
2.20700002
0.00000000
0.00000000
0.00000000
0.00000000
1.00000000
0.00000000
27.00553894
1.10350001
1.07462120
1.00000000
Prototype_GameObject_DecoObject
Layer_BackGround_Object
5
0
2
2
43
2.10899997
0.00000000
0.00000000
0.00000000
0.00000000
2.20700002
0.00000000
0.00000000
0.00000000
0.00000000
1.00000000
0.00000000
1.53881216
1.10350001
4.05827141
1.00000000
Prototype_GameObject_DecoObject
Layer_BackGround_Object
5
0
2
2
45
2.10899997
0.00000000
0.00000000
0.00000000
0.00000000
2.20700002
0.00000000
0.00000000
0.00000000
0.00000000
1.00000000
0.00000000
25.93555450
1.10350001
16.33064079
1.00000000
Prototype_GameObject_DecoObject
Layer_BackGround_Object
5
1
0
1
27
10.00000000
0.00000000
0.00000000
0.00000000
0.00000000
1.00000000
0.00000000
0.00000000
0.00000000
0.00000000
10.00000000
0.00000000
14.58542156
0.50000000
8.61913872
1.00000000
Prototype_GameObject_InteractObject
Layer_BackGround_Object
0
0
0
2
0
8.95600033
0.00000000
0.00000000
0.00000000
0.00000000
8.72799969
0.00000000
0.00000000
0.00000000
0.00000000
1.00000000
0.00000000
18.39713478
4.36399984
18.56380653
1.00000000
Prototype_GameObject_InteractObject
Layer_BackGround_Object
3
0
0
2
42
1.45700002
0.00000000
0.00000000
0.00000000
0.00000000
1.00000000
0.00000000
0.00000000
0.00000000
0.00000000
1.00000000
0.00000000
2.72056580
0.50000000
1.34078789
1.00000000
Prototype_GameObject_InteractObject
Layer_BackGround_Object
3
0
0
2
42
1.45700002
0.00000000
0.00000000
0.00000000
0.00000000
1.00000000
0.00000000
0.00000000
0.00000000
0.00000000
1.00000000
0.00000000
5.47874498
0.50000000
16.84031105
1.00000000
Prototype_GameObject_InteractObject
Layer_BackGround_Object
3
0
0
2
42
1.45700002
0.00000000
0.00000000
0.00000000
0.00000000
1.00000000
0.00000000
0.00000000
0.00000000
0.00000000
1.00000000
0.00000000
27.48423386
0.50000000
6.90783691
1.00000000
Prototype_GameObject_InteractObject
Layer_BackGround_Object
3
0
0
2
41
1.45700002
0.00000000
0.00000000
0.00000000
0.00000000
1.00000000
0.00000000
0.00000000
0.00000000
0.00000000
1.00000000
0.00000000
8.89332581
0.50000000
10.85754585
1.00000000
Prototype_GameObject_InteractObject
Layer_BackGround_Object
3
0
0
2
41
1.45700002
0.00000000
0.00000000
0.00000000
0.00000000
1.00000000
0.00000000
0.00000000
0.00000000
0.00000000
1.00000000
0.00000000
20.19455147
0.50000000
5.54589272
1.00000000
Prototype_GameObject_InteractObject
Layer_BackGround_Object
3
0
0
2
41
1.45700002
0.00000000
0.00000000
0.00000000
0.00000000
1.00000000
0.00000000
0.00000000
0.00000000
0.00000000
1.00000000
0.00000000
10.06500816
0.50000000
2.42884636
1.00000000
Prototype_GameObject_DecoObject
Layer_BackGround_Object
5
0
2
2
33
6.51100016
0.00000000
0.00000000
0.00000000
0.00000000
6.51100016
0.00000000
0.00000000
0.00000000
0.00000000
1.00000000
0.00000000
6.52962780
3.25550008
19.39133263
1.00000000
Prototype_GameObject_DecoObject
Layer_BackGround_Object
5
0
2
2
33
6.51100016
0.00000000
0.00000000
0.00000000
0.00000000
6.51100016
0.00000000
0.00000000
0.00000000
0.00000000
1.00000000
0.00000000
6.46682453
3.25550008
19.39133263
1.00000000
Prototype_GameObject_DecoObject
Layer_BackGround_Object
5
0
2
2
32
1.52199996
0.00000000
0.00000000
0.00000000
0.00000000
1.75000000
0.00000000
0.00000000
0.00000000
0.00000000
1.00000000
0.00000000
2.80499458
0.87500000
8.03797531
1.00000000
Prototype_GameObject_DecoObject
Layer_BackGround_Object
5
0
2
2
32
1.52199996
0.00000000
0.00000000
0.00000000
0.00000000
1.75000000
0.00000000
0.00000000
0.00000000
0.00000000
1.00000000
0.00000000
26.30331802
0.87500000
10.94774246
1.00000000
Prototype_GameObject_DecoObject
Layer_BackGround_Object
5
0
2
2
53
2.79399991
0.00000000
0.00000000
0.00000000
0.00000000
1.35899997
0.00000000
0.00000000
0.00000000
0.00000000
1.00000000
0.00000000
9.14166832
0.67949998
16.44075775
1.00000000
Prototype_GameObject_DecoObject
Layer_BackGround_Object
5
0
2
2
51
6.54400015
0.00000000
0.00000000
0.00000000
0.00000000
10.00000000
0.00000000
0.00000000
0.00000000
0.00000000
1.00000000
0.00000000
9.92551041
5.00000000
19.11096573
1.00000000
Prototype_GameObject_DecoObject
Layer_BackGround_Object
5
0
2
2
51
6.54400015
0.00000000
0.00000000
0.00000000
0.00000000
10.00000000
0.00000000
0.00000000
0.00000000
0.00000000
1.00000000
0.00000000
14.95417595
5.00000000
19.26435471
1.00000000
Prototype_GameObject_DecoObject
Layer_BackGround_Object
5
0
2
2
66
1.35899997
0.00000000
0.00000000
0.00000000
0.00000000
1.39100003
0.00000000
0.00000000
0.00000000
0.00000000
1.00000000
0.00000000
5.95189714
0.69550002
1.17012215
1.00000000
Prototype_GameObject_DecoObject
Layer_BackGround_Object
5
0
2
2
66
1.35899997
0.00000000
0.00000000
0.00000000
0.00000000
1.39100003
0.00000000
0.00000000
0.00000000
0.00000000
1.00000000
0.00000000
21.50820923
0.69550002
16.09405518
1.00000000
Prototype_GameObject_DecoObject
Layer_BackGround_Object
5
0
2
2
66
1.35899997
0.00000000
0.00000000
0.00000000
0.00000000
1.39100003
0.00000000
0.00000000
0.00000000
0.00000000
1.00000000
0.00000000
21.62456894
0.69550002
16.46426201
1.00000000
Prototype_GameObject_DecoObject
Layer_BackGround_Object
5
0
2
2
88
1.35899997
0.00000000
0.00000000
0.00000000
0.00000000
10.00000000
0.00000000
0.00000000
0.00000000
0.00000000
1.00000000
0.00000000
2.45513773
5.00000000
19.79736137
1.00000000
Prototype_GameObject_DecoObject
Layer_BackGround_Object
5
0
2
2
88
1.35899997
0.00000000
0.00000000
0.00000000
0.00000000
10.00000000
0.00000000
0.00000000
0.00000000
0.00000000
1.00000000
0.00000000
24.30146790
5.00000000
23.09850883
1.00000000
Prototype_GameObject_DecoObject
Layer_BackGround_Object
5
0
2
2
88
1.35899997
0.00000000
0.00000000
0.00000000
0.00000000
10.00000000
0.00000000
0.00000000
0.00000000
0.00000000
1.00000000
0.00000000
7.89736462
5.00000000
22.25517845
1.00000000
Prototype_GameObject_DecoObject
Layer_BackGround_Object
5
0
2
2
88
1.35899997
0.00000000
0.00000000
0.00000000
0.00000000
10.00000000
0.00000000
0.00000000
0.00000000
0.00000000
1.00000000
0.00000000
21.04362488
5.00000000
27.40374565
1.00000000
Prototype_GameObject_DecoObject
Layer_BackGround_Object
5
0
2
2
58
3.25000000
0.00000000
0.00000000
0.00000000
0.00000000
10.00000000
0.00000000
0.00000000
0.00000000
0.00000000
1.00000000
0.00000000
30.44298363
5.00000000
15.34248734
1.00000000
Prototype_GameObject_DecoObject
Layer_BackGround_Object
5
0
2
2
58
3.25000000
0.00000000
0.00000000
0.00000000
0.00000000
10.00000000
0.00000000
0.00000000
0.00000000
0.00000000
1.00000000
0.00000000
-1.53556347
5.00000000
6.14575768
1.00000000
