70
50
3
402
Prototype_GameObject_DecoObject
Layer_BackGround_Object
5
0
0
2
3
4.06599665
0.00000000
0.00000000
0.00000000
0.00000000
9.99999332
0.00000000
0.00000000
0.00000000
0.00000000
0.99999958
0.00000000
0.70600724
5.00000000
51.28027344
1.00000000
Prototype_GameObject_DecoObject
Layer_BackGround_Object
5
0
0
2
3
4.06599665
0.00000000
0.00000000
0.00000000
0.00000000
9.99999332
0.00000000
0.00000000
0.00000000
0.00000000
0.99999958
0.00000000
1.34094453
5.00000000
49.02630615
1.00000000
Prototype_GameObject_DecoObject
Layer_BackGround_Object
5
0
0
2
3
4.06599665
0.00000000
0.00000000
0.00000000
0.00000000
9.99999332
0.00000000
0.00000000
0.00000000
0.00000000
0.99999958
0.00000000
2.27910495
5.00000000
52.75145721
1.00000000
Prototype_GameObject_DecoObject
Layer_BackGround_Object
5
0
0
2
3
4.06599665
0.00000000
0.00000000
0.00000000
0.00000000
9.99999332
0.00000000
0.00000000
0.00000000
0.00000000
0.99999958
0.00000000
4.97815990
5.00000000
53.78195953
1.00000000
Prototype_GameObject_DecoObject
Layer_BackGround_Object
5
0
0
2
3
4.06599665
0.00000000
0.00000000
0.00000000
0.00000000
9.99999332
0.00000000
0.00000000
0.00000000
0.00000000
0.99999958
0.00000000
7.82875633
5.00000000
49.02414322
1.00000000
Prototype_GameObject_DecoObject
Layer_BackGround_Object
5
0
0
2
3
4.06599665
0.00000000
0.00000000
0.00000000
0.00000000
9.99999332
0.00000000
0.00000000
0.00000000
0.00000000
0.99999958
0.00000000
61.70711517
5.00000000
54.32287216
1.00000000
Prototype_GameObject_DecoObject
Layer_BackGround_Object
5
0
0
2
3
4.06599665
0.00000000
0.00000000
0.00000000
0.00000000
9.99999332
0.00000000
0.00000000
0.00000000
0.00000000
0.99999958
0.00000000
63.59734726
5.00000000
51.59623718
1.00000000
Prototype_GameObject_DecoObject
Layer_BackGround_Object
5
0
0
2
3
4.06599665
0.00000000
0.00000000
0.00000000
0.00000000
9.99999332
0.00000000
0.00000000
0.00000000
0.00000000
0.99999958
0.00000000
65.55306244
5.00000000
55.27635574
1.00000000
Prototype_GameObject_DecoObject
Layer_BackGround_Object
5
0
0
2
3
4.06599665
0.00000000
0.00000000
0.00000000
0.00000000
9.99999332
0.00000000
0.00000000
0.00000000
0.00000000
0.99999958
0.00000000
66.54139709
5.00000000
54.57553482
1.00000000
Prototype_GameObject_DecoObject
Layer_BackGround_Object
5
0
0
2
3
4.06599665
0.00000000
0.00000000
0.00000000
0.00000000
9.99999332
0.00000000
0.00000000
0.00000000
0.00000000
0.99999958
0.00000000
68.33094788
5.00000000
53.54902267
1.00000000
Prototype_GameObject_DecoObject
Layer_BackGround_Object
5
0
0
2
3
4.06599665
0.00000000
0.00000000
0.00000000
0.00000000
9.99999332
0.00000000
0.00000000
0.00000000
0.00000000
0.99999958
0.00000000
67.32244873
5.00000000
50.34768677
1.00000000
Prototype_GameObject_DecoObject
Layer_BackGround_Object
5
0
0
2
3
4.06599665
0.00000000
0.00000000
0.00000000
0.00000000
9.99999332
0.00000000
0.00000000
0.00000000
0.00000000
0.99999958
0.00000000
64.31686401
5.00000000
49.73845291
1.00000000
Prototype_GameObject_DecoObject
Layer_BackGround_Object
5
0
0
2
3
4.06599665
0.00000000
0.00000000
0.00000000
0.00000000
9.99999332
0.00000000
0.00000000
0.00000000
0.00000000
0.99999958
0.00000000
60.94568253
5.00000000
50.15264130
1.00000000
Prototype_GameObject_DecoObject
Layer_BackGround_Object
5
0
0
2
3
4.06599665
0.00000000
0.00000000
0.00000000
0.00000000
9.99999332
0.00000000
0.00000000
0.00000000
0.00000000
0.99999958
0.00000000
66.03122711
5.00000000
49.53126526
1.00000000
Prototype_GameObject_DecoObject
Layer_BackGround_Object
5
0
0
2
4
4.06599665
0.00000000
0.00000000
0.00000000
0.00000000
9.99999332
0.00000000
0.00000000
0.00000000
0.00000000
0.99999958
0.00000000
-0.55387020
5.00000000
50.83560181
1.00000000
Prototype_GameObject_DecoObject
Layer_BackGround_Object
5
0
0
2
4
4.06599665
0.00000000
0.00000000
0.00000000
0.00000000
9.99999332
0.00000000
0.00000000
0.00000000
0.00000000
0.99999958
0.00000000
-0.21780252
5.00000000
48.02791595
1.00000000
Prototype_GameObject_DecoObject
Layer_BackGround_Object
5
0
0
2
4
4.06599665
0.00000000
0.00000000
0.00000000
0.00000000
9.99999332
0.00000000
0.00000000
0.00000000
0.00000000
0.99999958
0.00000000
2.56776404
5.00000000
49.72980499
1.00000000
Prototype_GameObject_DecoObject
Layer_BackGround_Object
5
0
0
2
4
4.06599665
0.00000000
0.00000000
0.00000000
0.00000000
9.99999332
0.00000000
0.00000000
0.00000000
0.00000000
0.99999958
0.00000000
6.21560955
5.00000000
50.92465973
1.00000000
Prototype_GameObject_DecoObject
Layer_BackGround_Object
5
0
0
2
4
4.06599665
0.00000000
0.00000000
0.00000000
0.00000000
9.99999332
0.00000000
0.00000000
0.00000000
0.00000000
0.99999958
0.00000000
3.28713369
5.00000000
56.09454727
1.00000000
Prototype_GameObject_DecoObject
Layer_BackGround_Object
5
0
0
2
4
7.84799671
0.00000000
0.00000000
0.00000000
0.00000000
9.99999332
0.00000000
0.00000000
0.00000000
0.00000000
0.99999958
0.00000000
9.66894627
5.00000000
54.62906265
1.00000000
Prototype_GameObject_DecoObject
Layer_BackGround_Object
5
0
0
2
4
7.84799671
0.00000000
0.00000000
0.00000000
0.00000000
9.99999332
0.00000000
0.00000000
0.00000000
0.00000000
0.99999958
0.00000000
13.90765381
5.00000000
50.77214813
1.00000000
Prototype_GameObject_DecoObject
Layer_BackGround_Object
5
0
0
2
4
7.84799671
0.00000000
0.00000000
0.00000000
0.00000000
9.99999332
0.00000000
0.00000000
0.00000000
0.00000000
0.99999958
0.00000000
15.74199295
5.00000000
53.64559937
1.00000000
Prototype_GameObject_DecoObject
Layer_BackGround_Object
5
0
0
2
4
7.84799671
0.00000000
0.00000000
0.00000000
0.00000000
9.99999332
0.00000000
0.00000000
0.00000000
0.00000000
0.99999958
0.00000000
32.39158249
5.00000000
52.82807159
1.00000000
Prototype_GameObject_DecoObject
Layer_BackGround_Object
5
0
0
2
4
7.84799671
0.00000000
0.00000000
0.00000000
0.00000000
9.99999332
0.00000000
0.00000000
0.00000000
0.00000000
0.99999958
0.00000000
39.58958817
5.00000000
51.81439972
1.00000000
Prototype_GameObject_DecoObject
Layer_BackGround_Object
5
0
0
2
4
7.84799671
0.00000000
0.00000000
0.00000000
0.00000000
9.99999332
0.00000000
0.00000000
0.00000000
0.00000000
0.99999958
0.00000000
45.35777283
5.00000000
50.89460754
1.00000000
Prototype_GameObject_DecoObject
Layer_BackGround_Object
5
0
0
2
4
7.84799671
0.00000000
0.00000000
0.00000000
0.00000000
9.99999332
0.00000000
0.00000000
0.00000000
0.00000000
0.99999958
0.00000000
48.16718292
5.00000000
54.80333710
1.00000000
Prototype_GameObject_DecoObject
Layer_BackGround_Object
5
0
0
2
4
7.84799671
0.00000000
0.00000000
0.00000000
0.00000000
9.99999332
0.00000000
0.00000000
0.00000000
0.00000000
0.99999958
0.00000000
56.50991058
5.00000000
55.51527405
1.00000000
Prototype_GameObject_DecoObject
Layer_BackGround_Object
5
0
0
2
4
7.84799671
0.00000000
0.00000000
0.00000000
0.00000000
9.99999332
0.00000000
0.00000000
0.00000000
0.00000000
0.99999958
0.00000000
56.32643890
5.00000000
51.65281677
1.00000000
Prototype_GameObject_DecoObject
Layer_BackGround_Object
5
0
0
2
4
7.84799671
0.00000000
0.00000000
0.00000000
0.00000000
9.99999332
0.00000000
0.00000000
0.00000000
0.00000000
0.99999958
0.00000000
49.49976349
5.00000000
51.85401917
1.00000000
Prototype_GameObject_DecoObject
Layer_BackGround_Object
5
0
0
2
4
7.84799671
0.00000000
0.00000000
0.00000000
0.00000000
9.99999332
0.00000000
0.00000000
0.00000000
0.00000000
0.99999958
0.00000000
18.16038895
5.00000000
51.71438599
1.00000000
Prototype_GameObject_DecoObject
Layer_BackGround_Object
5
0
0
2
4
7.84799671
0.00000000
0.00000000
0.00000000
0.00000000
9.99999332
0.00000000
0.00000000
0.00000000
0.00000000
0.99999958
0.00000000
25.18219757
5.00000000
54.99135208
1.00000000
Prototype_GameObject_DecoObject
Layer_BackGround_Object
5
0
0
2
1
4.12999678
0.00000000
0.00000000
0.00000000
0.00000000
9.99999332
0.00000000
0.00000000
0.00000000
0.00000000
0.99999958
0.00000000
10.59930801
5.00000000
51.58890533
1.00000000
Prototype_GameObject_DecoObject
Layer_BackGround_Object
5
0
0
2
1
4.12999678
0.00000000
0.00000000
0.00000000
0.00000000
9.99999332
0.00000000
0.00000000
0.00000000
0.00000000
0.99999958
0.00000000
21.76841164
5.00000000
58.54729080
1.00000000
Prototype_GameObject_DecoObject
Layer_BackGround_Object
5
0
0
2
1
4.12999678
0.00000000
0.00000000
0.00000000
0.00000000
9.99999332
0.00000000
0.00000000
0.00000000
0.00000000
0.99999958
0.00000000
21.33066559
5.00000000
49.90271759
1.00000000
Prototype_GameObject_DecoObject
Layer_BackGround_Object
5
0
0
2
1
4.12999678
0.00000000
0.00000000
0.00000000
0.00000000
9.99999332
0.00000000
0.00000000
0.00000000
0.00000000
0.99999958
0.00000000
35.94361877
5.00000000
55.43215942
1.00000000
Prototype_GameObject_DecoObject
Layer_BackGround_Object
5
0
0
2
1
2.53299832
0.00000000
0.00000000
0.00000000
0.00000000
9.99999332
0.00000000
0.00000000
0.00000000
0.00000000
0.99999958
0.00000000
28.54043579
5.00000000
60.10166168
1.00000000
Prototype_GameObject_DecoObject
Layer_BackGround_Object
5
0
0
2
1
2.53299832
0.00000000
0.00000000
0.00000000
0.00000000
9.99999332
0.00000000
0.00000000
0.00000000
0.00000000
0.99999958
0.00000000
26.77522087
5.00000000
60.16049957
1.00000000
Prototype_GameObject_DecoObject
Layer_BackGround_Object
5
0
0
2
1
2.53299832
0.00000000
0.00000000
0.00000000
0.00000000
9.99999332
0.00000000
0.00000000
0.00000000
0.00000000
0.99999958
0.00000000
27.63016891
5.00000000
51.69078064
1.00000000
Prototype_GameObject_DecoObject
Layer_BackGround_Object
5
0
0
2
1
2.53299832
0.00000000
0.00000000
0.00000000
0.00000000
9.99999332
0.00000000
0.00000000
0.00000000
0.00000000
0.99999958
0.00000000
34.57329559
5.00000000
48.82929993
1.00000000
Prototype_GameObject_DecoObject
Layer_BackGround_Object
5
0
0
2
1
2.53299832
0.00000000
0.00000000
0.00000000
0.00000000
9.99999332
0.00000000
0.00000000
0.00000000
0.00000000
0.99999958
0.00000000
42.82353210
5.00000000
60.73889542
1.00000000
Prototype_GameObject_DecoObject
Layer_BackGround_Object
5
0
0
2
1
2.53299832
0.00000000
0.00000000
0.00000000
0.00000000
9.99999332
0.00000000
0.00000000
0.00000000
0.00000000
0.99999958
0.00000000
43.01185608
5.00000000
54.38039398
1.00000000
Prototype_GameObject_DecoObject
Layer_BackGround_Object
5
0
0
2
1
2.53299832
0.00000000
0.00000000
0.00000000
0.00000000
9.99999332
0.00000000
0.00000000
0.00000000
0.00000000
0.99999958
0.00000000
41.39899445
5.00000000
50.64770126
1.00000000
Prototype_GameObject_DecoObject
Layer_BackGround_Object
5
0
0
2
1
2.53299832
0.00000000
0.00000000
0.00000000
0.00000000
9.99999332
0.00000000
0.00000000
0.00000000
0.00000000
0.99999958
0.00000000
52.55575562
5.00000000
56.43499374
1.00000000
Prototype_GameObject_DecoObject
Layer_BackGround_Object
5
0
0
2
1
2.53299832
0.00000000
0.00000000
0.00000000
0.00000000
9.99999332
0.00000000
0.00000000
0.00000000
0.00000000
0.99999958
0.00000000
53.04536057
5.00000000
52.54344177
1.00000000
Prototype_GameObject_DecoObject
Layer_BackGround_Object
5
0
0
2
1
2.53299832
0.00000000
0.00000000
0.00000000
0.00000000
9.99999332
0.00000000
0.00000000
0.00000000
0.00000000
0.99999958
0.00000000
16.67369080
5.00000000
62.77638626
1.00000000
Prototype_GameObject_DecoObject
Layer_BackGround_Object
5
0
0
2
0
2.53299832
0.00000000
0.00000000
0.00000000
0.00000000
9.99999332
0.00000000
0.00000000
0.00000000
0.00000000
0.99999958
0.00000000
59.87897110
5.00000000
55.43343735
1.00000000
Prototype_GameObject_DecoObject
Layer_BackGround_Object
5
0
0
2
0
1.52199912
0.00000000
0.00000000
0.00000000
0.00000000
9.99999332
0.00000000
0.00000000
0.00000000
0.00000000
0.99999958
0.00000000
58.25823212
5.00000000
51.29685593
1.00000000
Prototype_GameObject_DecoObject
Layer_BackGround_Object
5
0
0
2
0
1.52199912
0.00000000
0.00000000
0.00000000
0.00000000
9.99999332
0.00000000
0.00000000
0.00000000
0.00000000
0.99999958
0.00000000
53.67852020
5.00000000
50.54158783
1.00000000
Prototype_GameObject_DecoObject
Layer_BackGround_Object
5
0
0
2
0
1.52199912
0.00000000
0.00000000
0.00000000
0.00000000
9.99999332
0.00000000
0.00000000
0.00000000
0.00000000
0.99999958
0.00000000
50.95091629
5.00000000
51.21815872
1.00000000
Prototype_GameObject_DecoObject
Layer_BackGround_Object
5
0
0
2
0
1.52199912
0.00000000
0.00000000
0.00000000
0.00000000
9.99999332
0.00000000
0.00000000
0.00000000
0.00000000
0.99999958
0.00000000
37.51128769
5.00000000
50.60486984
1.00000000
Prototype_GameObject_DecoObject
Layer_BackGround_Object
5
0
0
2
0
1.52199912
0.00000000
0.00000000
0.00000000
0.00000000
9.99999332
0.00000000
0.00000000
0.00000000
0.00000000
0.99999958
0.00000000
29.28984261
5.00000000
51.73354340
1.00000000
Prototype_GameObject_DecoObject
Layer_BackGround_Object
5
0
0
2
0
1.52199912
0.00000000
0.00000000
0.00000000
0.00000000
9.99999332
0.00000000
0.00000000
0.00000000
0.00000000
0.99999958
0.00000000
26.70319939
5.00000000
52.11383057
1.00000000
Prototype_GameObject_DecoObject
Layer_BackGround_Object
5
0
0
2
0
1.52199912
0.00000000
0.00000000
0.00000000
0.00000000
9.99999332
0.00000000
0.00000000
0.00000000
0.00000000
0.99999958
0.00000000
23.68652916
5.00000000
50.19081879
1.00000000
Prototype_GameObject_DecoObject
Layer_BackGround_Object
5
0
0
2
0
1.52199912
0.00000000
0.00000000
0.00000000
0.00000000
9.99999332
0.00000000
0.00000000
0.00000000
0.00000000
0.99999958
0.00000000
31.00815201
5.00000000
58.70114899
1.00000000
Prototype_GameObject_DecoObject
Layer_BackGround_Object
5
0
0
2
0
1.52199912
0.00000000
0.00000000
0.00000000
0.00000000
9.99999332
0.00000000
0.00000000
0.00000000
0.00000000
0.99999958
0.00000000
29.84255600
5.00000000
49.59580231
1.00000000
Prototype_GameObject_DecoObject
Layer_BackGround_Object
5
0
0
2
0
1.52199912
0.00000000
0.00000000
0.00000000
0.00000000
9.99999332
0.00000000
0.00000000
0.00000000
0.00000000
0.99999958
0.00000000
-2.00001955
5.00000000
43.73974609
1.00000000
Prototype_GameObject_DecoObject
Layer_BackGround_Object
5
0
0
2
0
1.52199912
0.00000000
0.00000000
0.00000000
0.00000000
9.99999332
0.00000000
0.00000000
0.00000000
0.00000000
0.99999958
0.00000000
-0.48511732
5.00000000
40.59245300
1.00000000
Prototype_GameObject_DecoObject
Layer_BackGround_Object
5
0
0
2
0
1.52199912
0.00000000
0.00000000
0.00000000
0.00000000
9.99999332
0.00000000
0.00000000
0.00000000
0.00000000
0.99999958
0.00000000
-2.22266340
5.00000000
40.37673950
1.00000000
Prototype_GameObject_DecoObject
Layer_BackGround_Object
5
0
0
2
0
1.52199912
0.00000000
0.00000000
0.00000000
0.00000000
9.99999332
0.00000000
0.00000000
0.00000000
0.00000000
0.99999958
0.00000000
-0.99878716
5.00000000
35.09814453
1.00000000
Prototype_GameObject_DecoObject
Layer_BackGround_Object
5
0
0
2
0
1.52199912
0.00000000
0.00000000
0.00000000
0.00000000
9.99999332
0.00000000
0.00000000
0.00000000
0.00000000
0.99999958
0.00000000
-2.54839921
5.00000000
35.82220459
1.00000000
Prototype_GameObject_DecoObject
Layer_BackGround_Object
5
0
0
2
0
1.52199912
0.00000000
0.00000000
0.00000000
0.00000000
9.99999332
0.00000000
0.00000000
0.00000000
0.00000000
0.99999958
0.00000000
-1.52840006
5.00000000
32.78072357
1.00000000
Prototype_GameObject_DecoObject
Layer_BackGround_Object
5
0
0
2
0
1.52199912
0.00000000
0.00000000
0.00000000
0.00000000
9.99999332
0.00000000
0.00000000
0.00000000
0.00000000
0.99999958
0.00000000
-2.52377629
5.00000000
30.38138008
1.00000000
Prototype_GameObject_DecoObject
Layer_BackGround_Object
5
0
0
2
0
1.52199912
0.00000000
0.00000000
0.00000000
0.00000000
9.99999332
0.00000000
0.00000000
0.00000000
0.00000000
0.99999958
0.00000000
-0.67629135
5.00000000
30.92674065
1.00000000
Prototype_GameObject_DecoObject
Layer_BackGround_Object
5
0
0
2
0
1.52199912
0.00000000
0.00000000
0.00000000
0.00000000
9.99999332
0.00000000
0.00000000
0.00000000
0.00000000
0.99999958
0.00000000
-1.32847536
5.00000000
28.82915688
1.00000000
Prototype_GameObject_DecoObject
Layer_BackGround_Object
5
0
0
2
0
1.52199912
0.00000000
0.00000000
0.00000000
0.00000000
9.99999332
0.00000000
0.00000000
0.00000000
0.00000000
0.99999958
0.00000000
69.59835052
5.00000000
51.24463654
1.00000000
Prototype_GameObject_DecoObject
Layer_BackGround_Object
5
0
0
2
0
1.52199912
0.00000000
0.00000000
0.00000000
0.00000000
9.99999332
0.00000000
0.00000000
0.00000000
0.00000000
0.99999958
0.00000000
70.38747406
5.00000000
45.18228149
1.00000000
Prototype_GameObject_DecoObject
Layer_BackGround_Object
5
0
0
2
0
1.52199912
0.00000000
0.00000000
0.00000000
0.00000000
9.99999332
0.00000000
0.00000000
0.00000000
0.00000000
0.99999958
0.00000000
71.10823059
5.00000000
36.34631729
1.00000000
Prototype_GameObject_DecoObject
Layer_BackGround_Object
5
0
0
2
0
1.52199912
0.00000000
0.00000000
0.00000000
0.00000000
9.99999332
0.00000000
0.00000000
0.00000000
0.00000000
0.99999958
0.00000000
147.89736938
5.00000000
-98.80670929
1.00000000
Prototype_GameObject_DecoObject
Layer_BackGround_Object
5
0
0
2
0
2.72899842
0.00000000
0.00000000
0.00000000
0.00000000
9.99999332
0.00000000
0.00000000
0.00000000
0.00000000
0.99999958
0.00000000
72.34008026
5.00000000
29.61529541
1.00000000
Prototype_GameObject_DecoObject
Layer_BackGround_Object
5
0
0
2
0
2.72899842
0.00000000
0.00000000
0.00000000
0.00000000
9.99999332
0.00000000
0.00000000
0.00000000
0.00000000
0.99999958
0.00000000
70.56356812
5.00000000
30.28705215
1.00000000
Prototype_GameObject_DecoObject
Layer_BackGround_Object
5
0
0
2
0
2.72899842
0.00000000
0.00000000
0.00000000
0.00000000
9.99999332
0.00000000
0.00000000
0.00000000
0.00000000
0.99999958
0.00000000
69.88466644
5.00000000
31.77954674
1.00000000
Prototype_GameObject_DecoObject
Layer_BackGround_Object
5
0
0
2
3
2.72899842
0.00000000
0.00000000
0.00000000
0.00000000
9.99999332
0.00000000
0.00000000
0.00000000
0.00000000
0.99999958
0.00000000
69.93634796
5.00000000
24.71415520
1.00000000
Prototype_GameObject_DecoObject
Layer_BackGround_Object
5
0
0
2
3
2.72899842
0.00000000
0.00000000
0.00000000
0.00000000
9.99999332
0.00000000
0.00000000
0.00000000
0.00000000
0.99999958
0.00000000
70.90406799
5.00000000
26.78825569
1.00000000
Prototype_GameObject_DecoObject
Layer_BackGround_Object
5
0
0
2
3
2.72899842
0.00000000
0.00000000
0.00000000
0.00000000
9.99999332
0.00000000
0.00000000
0.00000000
0.00000000
0.99999958
0.00000000
71.62422180
5.00000000
24.73748589
1.00000000
Prototype_GameObject_DecoObject
Layer_BackGround_Object
5
0
0
2
3
2.72899842
0.00000000
0.00000000
0.00000000
0.00000000
9.99999332
0.00000000
0.00000000
0.00000000
0.00000000
0.99999958
0.00000000
70.33181000
5.00000000
24.49574089
1.00000000
Prototype_GameObject_DecoObject
Layer_BackGround_Object
5
0
0
2
3
2.72899842
0.00000000
0.00000000
0.00000000
0.00000000
9.99999332
0.00000000
0.00000000
0.00000000
0.00000000
0.99999958
0.00000000
45.49093628
5.00000000
55.80384445
1.00000000
Prototype_GameObject_DecoObject
Layer_BackGround_Object
5
0
3
2
40
5.36999655
0.00000000
0.00000000
0.00000000
0.00000000
3.99999833
0.00000000
0.00000000
0.00000000
0.00000000
0.99999958
0.00000000
2.78687286
2.00000000
51.42857361
1.00000000
Prototype_GameObject_DecoObject
Layer_BackGround_Object
5
0
3
2
40
5.36999655
0.00000000
0.00000000
0.00000000
0.00000000
3.99999833
0.00000000
0.00000000
0.00000000
0.00000000
0.99999958
0.00000000
11.86944771
2.00000000
54.14601898
1.00000000
Prototype_GameObject_DecoObject
Layer_BackGround_Object
5
0
3
2
40
5.36999655
0.00000000
0.00000000
0.00000000
0.00000000
3.99999833
0.00000000
0.00000000
0.00000000
0.00000000
0.99999958
0.00000000
17.04024506
2.00000000
48.88485718
1.00000000
Prototype_GameObject_DecoObject
Layer_BackGround_Object
5
0
3
2
40
5.36999655
0.00000000
0.00000000
0.00000000
0.00000000
3.99999833
0.00000000
0.00000000
0.00000000
0.00000000
0.99999958
0.00000000
21.10585022
2.00000000
54.08689880
1.00000000
Prototype_GameObject_DecoObject
Layer_BackGround_Object
5
0
3
2
40
5.36999655
0.00000000
0.00000000
0.00000000
0.00000000
3.99999833
0.00000000
0.00000000
0.00000000
0.00000000
0.99999958
0.00000000
25.91360283
2.00000000
52.56468964
1.00000000
Prototype_GameObject_DecoObject
Layer_BackGround_Object
5
0
3
2
40
5.36999655
0.00000000
0.00000000
0.00000000
0.00000000
3.99999833
0.00000000
0.00000000
0.00000000
0.00000000
0.99999958
0.00000000
35.46069336
2.00000000
51.10630798
1.00000000
Prototype_GameObject_DecoObject
Layer_BackGround_Object
5
0
3
2
40
5.36999655
0.00000000
0.00000000
0.00000000
0.00000000
3.99999833
0.00000000
0.00000000
0.00000000
0.00000000
0.99999958
0.00000000
30.69037437
2.00000000
53.31693268
1.00000000
Prototype_GameObject_DecoObject
Layer_BackGround_Object
5
0
3
2
40
5.36999655
0.00000000
0.00000000
0.00000000
0.00000000
3.99999833
0.00000000
0.00000000
0.00000000
0.00000000
0.99999958
0.00000000
29.70001221
2.00000000
50.14966583
1.00000000
Prototype_GameObject_DecoObject
Layer_BackGround_Object
5
0
3
2
40
5.36999655
0.00000000
0.00000000
0.00000000
0.00000000
3.99999833
0.00000000
0.00000000
0.00000000
0.00000000
0.99999958
0.00000000
46.94760132
2.00000000
53.36721039
1.00000000
Prototype_GameObject_DecoObject
Layer_BackGround_Object
5
0
3
2
40
5.36999655
0.00000000
0.00000000
0.00000000
0.00000000
3.99999833
0.00000000
0.00000000
0.00000000
0.00000000
0.99999958
0.00000000
52.86933517
2.00000000
53.27656555
1.00000000
Prototype_GameObject_DecoObject
Layer_BackGround_Object
5
0
3
2
40
5.36999655
0.00000000
0.00000000
0.00000000
0.00000000
3.99999833
0.00000000
0.00000000
0.00000000
0.00000000
0.99999958
0.00000000
53.31265259
2.00000000
58.26348877
1.00000000
Prototype_GameObject_DecoObject
Layer_BackGround_Object
5
0
3
2
40
5.36999655
0.00000000
0.00000000
0.00000000
0.00000000
3.99999833
0.00000000
0.00000000
0.00000000
0.00000000
0.99999958
0.00000000
50.39460754
2.00000000
60.69696808
1.00000000
Prototype_GameObject_DecoObject
Layer_BackGround_Object
5
0
3
2
40
5.36999655
0.00000000
0.00000000
0.00000000
0.00000000
3.99999833
0.00000000
0.00000000
0.00000000
0.00000000
0.99999958
0.00000000
58.03823471
2.00000000
54.59737396
1.00000000
Prototype_GameObject_DecoObject
Layer_BackGround_Object
5
0
3
2
40
5.36999655
0.00000000
0.00000000
0.00000000
0.00000000
3.99999833
0.00000000
0.00000000
0.00000000
0.00000000
0.99999958
0.00000000
59.77571106
2.00000000
51.59392548
1.00000000
Prototype_GameObject_DecoObject
Layer_BackGround_Object
5
0
3
2
40
5.36999655
0.00000000
0.00000000
0.00000000
0.00000000
3.99999833
0.00000000
0.00000000
0.00000000
0.00000000
0.99999958
0.00000000
62.84986877
2.00000000
57.05868912
1.00000000
Prototype_GameObject_DecoObject
Layer_BackGround_Object
5
0
3
2
40
5.36999655
0.00000000
0.00000000
0.00000000
0.00000000
3.99999833
0.00000000
0.00000000
0.00000000
0.00000000
0.99999958
0.00000000
67.96855164
2.00000000
53.31468201
1.00000000
Prototype_GameObject_DecoObject
Layer_BackGround_Object
5
0
3
2
40
5.36999655
0.00000000
0.00000000
0.00000000
0.00000000
3.99999833
0.00000000
0.00000000
0.00000000
0.00000000
0.99999958
0.00000000
63.99728012
2.00000000
50.34309387
1.00000000
Prototype_GameObject_DecoObject
Layer_BackGround_Object
5
0
3
2
40
5.36999655
0.00000000
0.00000000
0.00000000
0.00000000
3.99999833
0.00000000
0.00000000
0.00000000
0.00000000
0.99999958
0.00000000
69.32678223
2.00000000
50.00617981
1.00000000
Prototype_GameObject_DecoObject
Layer_BackGround_Object
5
0
3
2
40
5.36999655
0.00000000
0.00000000
0.00000000
0.00000000
3.99999833
0.00000000
0.00000000
0.00000000
0.00000000
0.99999958
0.00000000
51.48550034
2.00000000
50.03192902
1.00000000
Prototype_GameObject_DecoObject
Layer_BackGround_Object
5
0
3
2
40
5.36999655
0.00000000
0.00000000
0.00000000
0.00000000
3.99999833
0.00000000
0.00000000
0.00000000
0.00000000
0.99999958
0.00000000
-2.02351570
2.00000000
42.10329437
1.00000000
Prototype_GameObject_DecoObject
Layer_BackGround_Object
5
0
3
2
40
5.36999655
0.00000000
0.00000000
0.00000000
0.00000000
3.99999833
0.00000000
0.00000000
0.00000000
0.00000000
0.99999958
0.00000000
-1.90763354
2.00000000
38.04465485
1.00000000
Prototype_GameObject_DecoObject
Layer_BackGround_Object
5
0
3
2
40
5.36999655
0.00000000
0.00000000
0.00000000
0.00000000
3.99999833
0.00000000
0.00000000
0.00000000
0.00000000
0.99999958
0.00000000
-3.77902985
2.00000000
35.70837402
1.00000000
Prototype_GameObject_DecoObject
Layer_BackGround_Object
5
0
3
2
40
6.67399645
0.00000000
0.00000000
0.00000000
0.00000000
3.99999833
0.00000000
0.00000000
0.00000000
0.00000000
0.99999958
0.00000000
-3.28915215
2.00000000
33.25753021
1.00000000
Prototype_GameObject_DecoObject
Layer_BackGround_Object
5
0
3
2
40
6.67399645
0.00000000
0.00000000
0.00000000
0.00000000
9.99999332
0.00000000
0.00000000
0.00000000
0.00000000
0.99999958
0.00000000
-3.72938824
5.00000000
29.61941910
1.00000000
Prototype_GameObject_DecoObject
Layer_BackGround_Object
5
0
3
2
40
6.67399645
0.00000000
0.00000000
0.00000000
0.00000000
9.99999332
0.00000000
0.00000000
0.00000000
0.00000000
0.99999958
0.00000000
70.63677216
5.00000000
29.98406410
1.00000000
Prototype_GameObject_DecoObject
Layer_BackGround_Object
5
0
3
2
38
2.89099836
0.00000000
0.00000000
0.00000000
0.00000000
2.27199841
0.00000000
0.00000000
0.00000000
0.00000000
0.99999958
0.00000000
69.39815521
1.13600004
38.16886520
1.00000000
Prototype_GameObject_DecoObject
Layer_BackGround_Object
5
0
3
2
38
2.89099836
0.00000000
0.00000000
0.00000000
0.00000000
2.27199841
0.00000000
0.00000000
0.00000000
0.00000000
0.99999958
0.00000000
68.33761597
1.13600004
39.75219345
1.00000000
Prototype_GameObject_DecoObject
Layer_BackGround_Object
5
0
3
2
38
2.89099836
0.00000000
0.00000000
0.00000000
0.00000000
2.27199841
0.00000000
0.00000000
0.00000000
0.00000000
0.99999958
0.00000000
67.92018127
1.13600004
43.73502350
1.00000000
Prototype_GameObject_DecoObject
Layer_BackGround_Object
5
0
3
2
38
2.89099836
0.00000000
0.00000000
0.00000000
0.00000000
2.27199841
0.00000000
0.00000000
0.00000000
0.00000000
0.99999958
0.00000000
68.08144379
1.13600004
41.25074768
1.00000000
Prototype_GameObject_DecoObject
Layer_BackGround_Object
5
0
3
2
38
2.89099836
0.00000000
0.00000000
0.00000000
0.00000000
2.27199841
0.00000000
0.00000000
0.00000000
0.00000000
0.99999958
0.00000000
71.09771729
1.13600004
42.09241867
1.00000000
Prototype_GameObject_DecoObject
Layer_BackGround_Object
5
0
3
2
38
2.89099836
0.00000000
0.00000000
0.00000000
0.00000000
2.27199841
0.00000000
0.00000000
0.00000000
0.00000000
0.99999958
0.00000000
70.32154846
1.13600004
43.90214157
1.00000000
Prototype_GameObject_DecoObject
Layer_BackGround_Object
5
0
3
2
38
2.89099836
0.00000000
0.00000000
0.00000000
0.00000000
2.27199841
0.00000000
0.00000000
0.00000000
0.00000000
0.99999958
0.00000000
69.14171600
1.13600004
42.25947571
1.00000000
Prototype_GameObject_DecoObject
Layer_BackGround_Object
5
0
3
2
38
2.89099836
0.00000000
0.00000000
0.00000000
0.00000000
2.27199841
0.00000000
0.00000000
0.00000000
0.00000000
0.99999958
0.00000000
69.80535889
1.13600004
41.58556366
1.00000000
Prototype_GameObject_DecoObject
Layer_BackGround_Object
5
0
3
2
38
2.89099836
0.00000000
0.00000000
0.00000000
0.00000000
2.27199841
0.00000000
0.00000000
0.00000000
0.00000000
0.99999958
0.00000000
70.40796661
1.13600004
42.55190277
1.00000000
Prototype_GameObject_DecoObject
Layer_BackGround_Object
5
0
3
2
38
2.89099836
0.00000000
0.00000000
0.00000000
0.00000000
2.27199841
0.00000000
0.00000000
0.00000000
0.00000000
0.99999958
0.00000000
68.32960510
1.13600004
42.84364700
1.00000000
Prototype_GameObject_DecoObject
Layer_BackGround_Object
5
0
3
2
38
2.89099836
0.00000000
0.00000000
0.00000000
0.00000000
2.27199841
0.00000000
0.00000000
0.00000000
0.00000000
0.99999958
0.00000000
69.32855988
1.13600004
44.05089569
1.00000000
Prototype_GameObject_DecoObject
Layer_BackGround_Object
5
0
3
2
38
2.89099836
0.00000000
0.00000000
0.00000000
0.00000000
2.27199841
0.00000000
0.00000000
0.00000000
0.00000000
0.99999958
0.00000000
70.10124969
1.13600004
40.66032410
1.00000000
Prototype_GameObject_DecoObject
Layer_BackGround_Object
5
0
3
2
38
2.89099836
0.00000000
0.00000000
0.00000000
0.00000000
2.27199841
0.00000000
0.00000000
0.00000000
0.00000000
0.99999958
0.00000000
70.15533447
1.13600004
39.84038544
1.00000000
Prototype_GameObject_DecoObject
Layer_BackGround_Object
5
0
3
2
38
2.89099836
0.00000000
0.00000000
0.00000000
0.00000000
2.27199841
0.00000000
0.00000000
0.00000000
0.00000000
0.99999958
0.00000000
68.36549377
1.13600004
38.96533585
1.00000000
Prototype_GameObject_DecoObject
Layer_BackGround_Object
5
0
3
2
38
2.89099836
0.00000000
0.00000000
0.00000000
0.00000000
2.27199841
0.00000000
0.00000000
0.00000000
0.00000000
0.99999958
0.00000000
70.24742889
1.13600004
39.11968613
1.00000000
Prototype_GameObject_DecoObject
Layer_BackGround_Object
5
0
3
2
38
2.89099836
0.00000000
0.00000000
0.00000000
0.00000000
2.27199841
0.00000000
0.00000000
0.00000000
0.00000000
0.99999958
0.00000000
47.16629791
1.13600004
62.23104858
1.00000000
Prototype_GameObject_DecoObject
Layer_BackGround_Object
5
0
3
2
38
2.89099836
0.00000000
0.00000000
0.00000000
0.00000000
9.99999332
0.00000000
0.00000000
0.00000000
0.00000000
0.99999958
0.00000000
70.14004517
5.00000000
37.11736679
1.00000000
Prototype_GameObject_DecoObject
Layer_BackGround_Object
5
0
3
2
38
2.89099836
0.00000000
0.00000000
0.00000000
0.00000000
9.99999332
0.00000000
0.00000000
0.00000000
0.00000000
0.99999958
0.00000000
70.21194458
5.00000000
46.13780594
1.00000000
Prototype_GameObject_DecoObject
Layer_BackGround_Object
5
0
3
2
38
2.89099836
0.00000000
0.00000000
0.00000000
0.00000000
9.99999332
0.00000000
0.00000000
0.00000000
0.00000000
0.99999958
0.00000000
69.07845306
5.00000000
44.76082611
1.00000000
Prototype_GameObject_DecoObject
Layer_BackGround_Object
5
0
3
2
38
2.89099836
0.00000000
0.00000000
0.00000000
0.00000000
9.99999332
0.00000000
0.00000000
0.00000000
0.00000000
0.99999958
0.00000000
69.43382263
5.00000000
34.91384506
1.00000000
Prototype_GameObject_DecoObject
Layer_BackGround_Object
5
0
3
2
38
2.89099836
0.00000000
0.00000000
0.00000000
0.00000000
9.99999332
0.00000000
0.00000000
0.00000000
0.00000000
0.99999958
0.00000000
68.63455200
5.00000000
33.30419159
1.00000000
Prototype_GameObject_DecoObject
Layer_BackGround_Object
5
0
3
2
38
2.89099836
0.00000000
0.00000000
0.00000000
0.00000000
9.99999332
0.00000000
0.00000000
0.00000000
0.00000000
0.99999958
0.00000000
69.14395142
5.00000000
28.14132881
1.00000000
Prototype_GameObject_DecoObject
Layer_BackGround_Object
5
0
3
2
38
2.89099836
0.00000000
0.00000000
0.00000000
0.00000000
9.99999332
0.00000000
0.00000000
0.00000000
0.00000000
0.99999958
0.00000000
70.47718811
5.00000000
28.16882706
1.00000000
Prototype_GameObject_DecoObject
Layer_BackGround_Object
5
0
3
2
38
2.89099836
0.00000000
0.00000000
0.00000000
0.00000000
9.99999332
0.00000000
0.00000000
0.00000000
0.00000000
0.99999958
0.00000000
69.43273163
5.00000000
27.20064354
1.00000000
Prototype_GameObject_DecoObject
Layer_BackGround_Object
5
0
3
2
38
2.89099836
0.00000000
0.00000000
0.00000000
0.00000000
9.99999332
0.00000000
0.00000000
0.00000000
0.00000000
0.99999958
0.00000000
69.82332611
5.00000000
26.39677048
1.00000000
Prototype_GameObject_DecoObject
Layer_BackGround_Object
5
0
0
2
4
9.99999332
0.00000000
0.00000000
0.00000000
0.00000000
9.99999332
0.00000000
0.00000000
0.00000000
0.00000000
0.99999958
0.00000000
-3.41412020
5.00000000
16.41318893
1.00000000
Prototype_GameObject_DecoObject
Layer_BackGround_Object
5
0
0
2
4
9.99999332
0.00000000
0.00000000
0.00000000
0.00000000
9.99999332
0.00000000
0.00000000
0.00000000
0.00000000
0.99999958
0.00000000
-1.25448489
5.00000000
11.22152424
1.00000000
Prototype_GameObject_DecoObject
Layer_BackGround_Object
5
0
0
2
4
9.99999332
0.00000000
0.00000000
0.00000000
0.00000000
9.99999332
0.00000000
0.00000000
0.00000000
0.00000000
0.99999958
0.00000000
-3.99123573
5.00000000
7.45167637
1.00000000
Prototype_GameObject_DecoObject
Layer_BackGround_Object
5
0
0
2
4
9.99999332
0.00000000
0.00000000
0.00000000
0.00000000
9.99999332
0.00000000
0.00000000
0.00000000
0.00000000
0.99999958
0.00000000
-1.51279247
5.00000000
3.22491741
1.00000000
Prototype_GameObject_DecoObject
Layer_BackGround_Object
5
0
0
2
4
9.99999332
0.00000000
0.00000000
0.00000000
0.00000000
9.99999332
0.00000000
0.00000000
0.00000000
0.00000000
0.99999958
0.00000000
-3.24068427
5.00000000
1.09515381
1.00000000
Prototype_GameObject_DecoObject
Layer_BackGround_Object
5
0
0
2
4
9.99999332
0.00000000
0.00000000
0.00000000
0.00000000
9.99999332
0.00000000
0.00000000
0.00000000
0.00000000
0.99999958
0.00000000
70.86079407
5.00000000
16.68820190
1.00000000
Prototype_GameObject_DecoObject
Layer_BackGround_Object
5
0
0
2
4
9.99999332
0.00000000
0.00000000
0.00000000
0.00000000
9.99999332
0.00000000
0.00000000
0.00000000
0.00000000
0.99999958
0.00000000
73.05838776
5.00000000
13.07686329
1.00000000
Prototype_GameObject_DecoObject
Layer_BackGround_Object
5
0
0
2
4
9.99999332
0.00000000
0.00000000
0.00000000
0.00000000
9.99999332
0.00000000
0.00000000
0.00000000
0.00000000
0.99999958
0.00000000
70.61341095
5.00000000
10.49414158
1.00000000
Prototype_GameObject_DecoObject
Layer_BackGround_Object
5
0
0
2
4
9.99999332
0.00000000
0.00000000
0.00000000
0.00000000
9.99999332
0.00000000
0.00000000
0.00000000
0.00000000
0.99999958
0.00000000
73.04673004
5.00000000
7.77522755
1.00000000
Prototype_GameObject_DecoObject
Layer_BackGround_Object
5
0
0
2
4
9.99999332
0.00000000
0.00000000
0.00000000
0.00000000
9.99999332
0.00000000
0.00000000
0.00000000
0.00000000
0.99999958
0.00000000
70.97429657
5.00000000
5.43635845
1.00000000
Prototype_GameObject_DecoObject
Layer_BackGround_Object
5
0
0
2
4
9.99999332
0.00000000
0.00000000
0.00000000
0.00000000
9.99999332
0.00000000
0.00000000
0.00000000
0.00000000
0.99999958
0.00000000
-1.26185608
5.00000000
44.02107620
1.00000000
Prototype_GameObject_DecoObject
Layer_BackGround_Object
5
0
1
2
5
9.99999332
0.00000000
0.00000000
0.00000000
0.00000000
9.99999332
0.00000000
0.00000000
0.00000000
0.00000000
0.99999958
0.00000000
-2.22600651
5.00000000
24.47884941
1.00000000
Prototype_GameObject_DecoObject
Layer_BackGround_Object
5
0
1
2
5
9.99999332
0.00000000
0.00000000
0.00000000
0.00000000
9.99999332
0.00000000
0.00000000
0.00000000
0.00000000
0.99999958
0.00000000
-4.03780079
5.00000000
22.27533722
1.00000000
Prototype_GameObject_DecoObject
Layer_BackGround_Object
5
0
1
2
5
9.99999332
0.00000000
0.00000000
0.00000000
0.00000000
9.99999332
0.00000000
0.00000000
0.00000000
0.00000000
0.99999958
0.00000000
-1.75754309
5.00000000
19.34839058
1.00000000
Prototype_GameObject_DecoObject
Layer_BackGround_Object
5
0
1
2
5
9.99999332
0.00000000
0.00000000
0.00000000
0.00000000
9.99999332
0.00000000
0.00000000
0.00000000
0.00000000
0.99999958
0.00000000
-2.00236225
5.00000000
16.93755150
1.00000000
Prototype_GameObject_DecoObject
Layer_BackGround_Object
5
0
1
2
5
9.99999332
0.00000000
0.00000000
0.00000000
0.00000000
9.99999332
0.00000000
0.00000000
0.00000000
0.00000000
0.99999958
0.00000000
73.56610870
5.00000000
18.99148178
1.00000000
Prototype_GameObject_DecoObject
Layer_BackGround_Object
5
0
1
2
5
9.99999332
0.00000000
0.00000000
0.00000000
0.00000000
9.99999332
0.00000000
0.00000000
0.00000000
0.00000000
0.99999958
0.00000000
71.80074310
5.00000000
17.93653679
1.00000000
Prototype_GameObject_DecoObject
Layer_BackGround_Object
5
0
1
2
5
9.99999332
0.00000000
0.00000000
0.00000000
0.00000000
9.99999332
0.00000000
0.00000000
0.00000000
0.00000000
0.99999958
0.00000000
38.07353210
5.00000000
52.42270660
1.00000000
Prototype_GameObject_DecoObject
Layer_BackGround_Object
5
0
0
2
0
0.99999964
0.00000000
0.00000000
0.00000000
0.00000000
9.99999428
0.00000000
0.00000000
0.00000000
0.00000000
0.99999964
0.00000000
70.99301910
5.00000000
3.98902893
1.00000000
Prototype_GameObject_DecoObject
Layer_BackGround_Object
5
0
0
2
0
0.99999964
0.00000000
0.00000000
0.00000000
0.00000000
9.99999428
0.00000000
0.00000000
0.00000000
0.00000000
0.99999964
0.00000000
69.68215942
5.00000000
4.00982094
1.00000000
Prototype_GameObject_DecoObject
Layer_BackGround_Object
5
0
0
2
0
0.99999964
0.00000000
0.00000000
0.00000000
0.00000000
9.99999428
0.00000000
0.00000000
0.00000000
0.00000000
0.99999964
0.00000000
70.18119812
5.00000000
2.58325577
1.00000000
Prototype_GameObject_DecoObject
Layer_BackGround_Object
5
0
0
2
0
0.99999964
0.00000000
0.00000000
0.00000000
0.00000000
9.99999428
0.00000000
0.00000000
0.00000000
0.00000000
0.99999964
0.00000000
71.17618561
5.00000000
2.57353306
1.00000000
Prototype_GameObject_DecoObject
Layer_BackGround_Object
5
0
0
2
0
0.99999964
0.00000000
0.00000000
0.00000000
0.00000000
9.99999428
0.00000000
0.00000000
0.00000000
0.00000000
0.99999964
0.00000000
69.94254303
5.00000000
1.39520454
1.00000000
Prototype_GameObject_DecoObject
Layer_BackGround_Object
5
0
0
2
0
0.99999964
0.00000000
0.00000000
0.00000000
0.00000000
9.99999428
0.00000000
0.00000000
0.00000000
0.00000000
0.99999964
0.00000000
70.61387634
5.00000000
-0.12500668
1.00000000
Prototype_GameObject_DecoObject
Layer_BackGround_Object
5
0
0
2
0
0.99999964
0.00000000
0.00000000
0.00000000
0.00000000
9.99999428
0.00000000
0.00000000
0.00000000
0.00000000
0.99999964
0.00000000
71.39137268
5.00000000
1.03202820
1.00000000
Prototype_GameObject_DecoObject
Layer_BackGround_Object
5
0
0
2
0
0.99999964
0.00000000
0.00000000
0.00000000
0.00000000
9.99999428
0.00000000
0.00000000
0.00000000
0.00000000
0.99999964
0.00000000
69.97892761
5.00000000
0.46864223
1.00000000
Prototype_GameObject_DecoObject
Layer_BackGround_Object
5
0
0
2
0
0.99999964
0.00000000
0.00000000
0.00000000
0.00000000
9.99999428
0.00000000
0.00000000
0.00000000
0.00000000
0.99999964
0.00000000
72.12418365
5.00000000
0.20335579
1.00000000
Prototype_GameObject_DecoObject
Layer_BackGround_Object
5
0
0
2
0
0.99999964
0.00000000
0.00000000
0.00000000
0.00000000
9.99999428
0.00000000
0.00000000
0.00000000
0.00000000
0.99999964
0.00000000
72.74807739
5.00000000
3.83104515
1.00000000
Prototype_GameObject_DecoObject
Layer_BackGround_Object
5
0
0
1
28
0.99999964
0.00000000
0.00000000
0.00000000
0.00000000
0.99999964
0.00000000
0.00000000
0.00000000
0.00000000
0.99999964
0.00000000
6.93305635
0.49999979
42.27246475
1.00000000
Prototype_GameObject_DecoObject
Layer_BackGround_Object
5
0
0
1
28
0.99999964
0.00000000
0.00000000
0.00000000
0.00000000
0.99999964
0.00000000
0.00000000
0.00000000
0.00000000
0.99999964
0.00000000
6.52202606
0.49999979
41.78262329
1.00000000
Prototype_GameObject_DecoObject
Layer_BackGround_Object
5
0
0
1
28
0.99999964
0.00000000
0.00000000
0.00000000
0.00000000
0.99999964
0.00000000
0.00000000
0.00000000
0.00000000
0.99999964
0.00000000
6.24827671
0.49999979
41.40701294
1.00000000
Prototype_GameObject_DecoObject
Layer_BackGround_Object
5
0
0
1
28
0.99999964
0.00000000
0.00000000
0.00000000
0.00000000
0.99999964
0.00000000
0.00000000
0.00000000
0.00000000
0.99999964
0.00000000
6.16532755
0.49999979
40.88762283
1.00000000
Prototype_GameObject_DecoObject
Layer_BackGround_Object
5
0
0
1
28
0.99999964
0.00000000
0.00000000
0.00000000
0.00000000
0.99999964
0.00000000
0.00000000
0.00000000
0.00000000
0.99999964
0.00000000
6.09767628
0.49999979
40.33981323
1.00000000
Prototype_GameObject_DecoObject
Layer_BackGround_Object
5
0
0
1
28
0.99999964
0.00000000
0.00000000
0.00000000
0.00000000
0.99999964
0.00000000
0.00000000
0.00000000
0.00000000
0.99999964
0.00000000
6.03401279
0.49999979
39.82510376
1.00000000
Prototype_GameObject_DecoObject
Layer_BackGround_Object
5
0
0
1
28
0.99999964
0.00000000
0.00000000
0.00000000
0.00000000
0.99999964
0.00000000
0.00000000
0.00000000
0.00000000
0.99999964
0.00000000
6.55574608
0.49999979
39.49038315
1.00000000
Prototype_GameObject_DecoObject
Layer_BackGround_Object
5
0
0
1
28
0.99999964
0.00000000
0.00000000
0.00000000
0.00000000
0.99999964
0.00000000
0.00000000
0.00000000
0.00000000
0.99999964
0.00000000
7.25151157
0.49999979
39.18391037
1.00000000
Prototype_GameObject_DecoObject
Layer_BackGround_Object
5
0
0
1
28
0.99999964
0.00000000
0.00000000
0.00000000
0.00000000
0.99999964
0.00000000
0.00000000
0.00000000
0.00000000
0.99999964
0.00000000
7.99999952
0.49999979
38.97883224
1.00000000
Prototype_GameObject_DecoObject
Layer_BackGround_Object
5
0
0
1
28
0.99999964
0.00000000
0.00000000
0.00000000
0.00000000
0.99999964
0.00000000
0.00000000
0.00000000
0.00000000
0.99999964
0.00000000
8.72801113
0.49999979
38.79920197
1.00000000
Prototype_GameObject_DecoObject
Layer_BackGround_Object
5
0
0
1
28
0.99999964
0.00000000
0.00000000
0.00000000
0.00000000
0.99999964
0.00000000
0.00000000
0.00000000
0.00000000
0.99999964
0.00000000
9.67128849
0.49999979
38.73434830
1.00000000
Prototype_GameObject_DecoObject
Layer_BackGround_Object
5
0
0
1
28
0.99999964
0.00000000
0.00000000
0.00000000
0.00000000
0.99999964
0.00000000
0.00000000
0.00000000
0.00000000
0.99999964
0.00000000
10.50681114
0.49999979
38.72186279
1.00000000
Prototype_GameObject_DecoObject
Layer_BackGround_Object
5
0
0
1
28
0.99999964
0.00000000
0.00000000
0.00000000
0.00000000
0.99999964
0.00000000
0.00000000
0.00000000
0.00000000
0.99999964
0.00000000
11.24360275
0.49999979
39.00469589
1.00000000
Prototype_GameObject_DecoObject
Layer_BackGround_Object
5
0
0
1
28
0.99999964
0.00000000
0.00000000
0.00000000
0.00000000
0.99999964
0.00000000
0.00000000
0.00000000
0.00000000
0.99999964
0.00000000
11.70751095
0.49999979
39.41534042
1.00000000
Prototype_GameObject_DecoObject
Layer_BackGround_Object
5
0
0
1
28
0.99999964
0.00000000
0.00000000
0.00000000
0.00000000
0.99999964
0.00000000
0.00000000
0.00000000
0.00000000
0.99999964
0.00000000
11.82114410
0.49999979
40.14301300
1.00000000
Prototype_GameObject_DecoObject
Layer_BackGround_Object
5
0
0
1
28
0.99999964
0.00000000
0.00000000
0.00000000
0.00000000
0.99999964
0.00000000
0.00000000
0.00000000
0.00000000
0.99999964
0.00000000
11.72715092
0.49999979
40.82319260
1.00000000
Prototype_GameObject_DecoObject
Layer_BackGround_Object
5
0
0
1
28
0.99999964
0.00000000
0.00000000
0.00000000
0.00000000
0.99999964
0.00000000
0.00000000
0.00000000
0.00000000
0.99999964
0.00000000
11.17745686
0.49999979
41.44606018
1.00000000
Prototype_GameObject_DecoObject
Layer_BackGround_Object
5
0
0
1
28
0.99999964
0.00000000
0.00000000
0.00000000
0.00000000
0.99999964
0.00000000
0.00000000
0.00000000
0.00000000
0.99999964
0.00000000
10.68848896
0.49999979
42.03741837
1.00000000
Prototype_GameObject_DecoObject
Layer_BackGround_Object
5
0
0
1
28
0.99999964
0.00000000
0.00000000
0.00000000
0.00000000
0.99999964
0.00000000
0.00000000
0.00000000
0.00000000
0.99999964
0.00000000
10.20193005
0.49999979
42.30355072
1.00000000
Prototype_GameObject_DecoObject
Layer_BackGround_Object
5
0
0
2
3
2.46699858
0.00000000
0.00000000
0.00000000
0.00000000
9.99999428
0.00000000
0.00000000
0.00000000
0.00000000
0.99999964
0.00000000
69.44427490
5.00000000
23.11967278
1.00000000
Prototype_GameObject_DecoObject
Layer_BackGround_Object
5
0
0
2
3
2.46699858
0.00000000
0.00000000
0.00000000
0.00000000
9.99999428
0.00000000
0.00000000
0.00000000
0.00000000
0.99999964
0.00000000
71.31987000
5.00000000
22.59272575
1.00000000
Prototype_GameObject_DecoObject
Layer_BackGround_Object
5
0
0
2
3
2.46699858
0.00000000
0.00000000
0.00000000
0.00000000
9.99999428
0.00000000
0.00000000
0.00000000
0.00000000
0.99999964
0.00000000
69.75833130
5.00000000
21.47564125
1.00000000
Prototype_GameObject_DecoObject
Layer_BackGround_Object
5
0
0
2
3
2.46699858
0.00000000
0.00000000
0.00000000
0.00000000
9.99999428
0.00000000
0.00000000
0.00000000
0.00000000
0.99999964
0.00000000
69.54614258
5.00000000
18.98664474
1.00000000
Prototype_GameObject_DecoObject
Layer_BackGround_Object
5
0
0
2
3
2.46699858
0.00000000
0.00000000
0.00000000
0.00000000
9.99999428
0.00000000
0.00000000
0.00000000
0.00000000
0.99999964
0.00000000
69.31697845
5.00000000
20.25254631
1.00000000
Prototype_GameObject_DecoObject
Layer_BackGround_Object
5
0
0
2
3
2.46699858
0.00000000
0.00000000
0.00000000
0.00000000
9.99999428
0.00000000
0.00000000
0.00000000
0.00000000
0.99999964
0.00000000
71.61054993
5.00000000
21.30085754
1.00000000
Prototype_GameObject_InteractObject
Layer_BackGround_Object
3
0
0
1
34
0.99999964
0.00000000
0.00000000
0.00000000
0.00000000
1.78299928
0.00000000
0.00000000
0.00000000
0.00000000
0.99999964
0.00000000
20.29476166
0.89149958
7.51457262
1.00000000
Prototype_GameObject_InteractObject
Layer_BackGround_Object
3
0
0
1
34
0.99999964
0.00000000
0.00000000
0.00000000
0.00000000
1.78299928
0.00000000
0.00000000
0.00000000
0.00000000
0.99999964
0.00000000
19.89875412
0.89149958
7.22184801
1.00000000
Prototype_GameObject_InteractObject
Layer_BackGround_Object
3
0
0
1
34
0.99999964
0.00000000
0.00000000
0.00000000
0.00000000
1.78299928
0.00000000
0.00000000
0.00000000
0.00000000
0.99999964
0.00000000
19.71469879
0.89149958
6.62740517
1.00000000
Prototype_GameObject_InteractObject
Layer_BackGround_Object
3
0
0
1
34
0.99999964
0.00000000
0.00000000
0.00000000
0.00000000
1.78299928
0.00000000
0.00000000
0.00000000
0.00000000
0.99999964
0.00000000
21.78662682
0.89149958
5.92023134
1.00000000
Prototype_GameObject_InteractObject
Layer_BackGround_Object
3
0
0
1
34
0.99999964
0.00000000
0.00000000
0.00000000
0.00000000
1.78299928
0.00000000
0.00000000
0.00000000
0.00000000
0.99999964
0.00000000
23.20422935
0.89149958
8.45980835
1.00000000
Prototype_GameObject_InteractObject
Layer_BackGround_Object
3
0
0
1
34
0.99999964
0.00000000
0.00000000
0.00000000
0.00000000
1.78299928
0.00000000
0.00000000
0.00000000
0.00000000
0.99999964
0.00000000
23.65161705
0.89149958
6.93583107
1.00000000
Prototype_GameObject_InteractObject
Layer_BackGround_Object
3
0
0
1
34
0.99999964
0.00000000
0.00000000
0.00000000
0.00000000
1.78299928
0.00000000
0.00000000
0.00000000
0.00000000
0.99999964
0.00000000
24.19794083
0.89149958
6.03153515
1.00000000
Prototype_GameObject_InteractObject
Layer_BackGround_Object
3
0
0
1
34
0.99999964
0.00000000
0.00000000
0.00000000
0.00000000
1.78299928
0.00000000
0.00000000
0.00000000
0.00000000
0.99999964
0.00000000
29.90967178
0.89149958
8.31078911
1.00000000
Prototype_GameObject_InteractObject
Layer_BackGround_Object
3
0
0
1
34
0.99999964
0.00000000
0.00000000
0.00000000
0.00000000
1.78299928
0.00000000
0.00000000
0.00000000
0.00000000
0.99999964
0.00000000
27.00117874
0.89149958
6.42227125
1.00000000
Prototype_GameObject_InteractObject
Layer_BackGround_Object
3
0
0
1
34
0.99999964
0.00000000
0.00000000
0.00000000
0.00000000
1.78299928
0.00000000
0.00000000
0.00000000
0.00000000
0.99999964
0.00000000
27.45785904
0.89149958
8.64787388
1.00000000
Prototype_GameObject_InteractObject
Layer_BackGround_Object
3
0
0
1
34
0.99999964
0.00000000
0.00000000
0.00000000
0.00000000
1.78299928
0.00000000
0.00000000
0.00000000
0.00000000
0.99999964
0.00000000
32.15196991
0.89149958
3.96771240
1.00000000
Prototype_GameObject_InteractObject
Layer_BackGround_Object
3
0
0
1
34
0.99999964
0.00000000
0.00000000
0.00000000
0.00000000
1.78299928
0.00000000
0.00000000
0.00000000
0.00000000
0.99999964
0.00000000
29.74519348
0.89149958
3.23500490
1.00000000
Prototype_GameObject_InteractObject
Layer_BackGround_Object
3
0
0
1
34
0.99999964
0.00000000
0.00000000
0.00000000
0.00000000
1.78299928
0.00000000
0.00000000
0.00000000
0.00000000
0.99999964
0.00000000
29.84887505
0.89149958
5.40255165
1.00000000
Prototype_GameObject_InteractObject
Layer_BackGround_Object
3
0
0
1
34
0.99999964
0.00000000
0.00000000
0.00000000
0.00000000
1.78299928
0.00000000
0.00000000
0.00000000
0.00000000
0.99999964
0.00000000
28.63089180
0.89149958
5.16639280
1.00000000
Prototype_GameObject_InteractObject
Layer_BackGround_Object
3
0
0
1
34
0.99999964
0.00000000
0.00000000
0.00000000
0.00000000
1.78299928
0.00000000
0.00000000
0.00000000
0.00000000
0.99999964
0.00000000
24.10583687
0.89149958
4.13456249
1.00000000
Prototype_GameObject_InteractObject
Layer_BackGround_Object
3
0
0
1
34
0.99999964
0.00000000
0.00000000
0.00000000
0.00000000
1.78299928
0.00000000
0.00000000
0.00000000
0.00000000
0.99999964
0.00000000
25.88960266
0.89149958
4.06333876
1.00000000
Prototype_GameObject_InteractObject
Layer_BackGround_Object
3
0
0
1
34
0.99999964
0.00000000
0.00000000
0.00000000
0.00000000
1.78299928
0.00000000
0.00000000
0.00000000
0.00000000
0.99999964
0.00000000
25.34427643
0.89149958
5.17282391
1.00000000
Prototype_GameObject_InteractObject
Layer_BackGround_Object
3
0
0
1
34
0.99999964
0.00000000
0.00000000
0.00000000
0.00000000
1.78299928
0.00000000
0.00000000
0.00000000
0.00000000
0.99999964
0.00000000
24.99342346
0.89149958
8.57384491
1.00000000
Prototype_GameObject_InteractObject
Layer_BackGround_Object
3
0
0
1
34
0.99999964
0.00000000
0.00000000
0.00000000
0.00000000
1.78299928
0.00000000
0.00000000
0.00000000
0.00000000
0.99999964
0.00000000
27.70690536
0.89149958
3.99999976
1.00000000
Prototype_GameObject_InteractObject
Layer_BackGround_Object
3
0
0
1
34
0.99999964
0.00000000
0.00000000
0.00000000
0.00000000
1.78299928
0.00000000
0.00000000
0.00000000
0.00000000
0.99999964
0.00000000
21.86582947
0.89149958
3.99999976
1.00000000
Prototype_GameObject_InteractObject
Layer_BackGround_Object
3
0
0
1
34
0.99999964
0.00000000
0.00000000
0.00000000
0.00000000
1.78299928
0.00000000
0.00000000
0.00000000
0.00000000
0.99999964
0.00000000
28.80292892
0.89149958
7.00985479
1.00000000
Prototype_GameObject_InteractObject
Layer_BackGround_Object
3
0
0
1
34
0.99999964
0.00000000
0.00000000
0.00000000
0.00000000
1.78299928
0.00000000
0.00000000
0.00000000
0.00000000
0.99999964
0.00000000
25.49425125
0.89149958
3.06083393
1.00000000
Prototype_GameObject_InteractObject
Layer_BackGround_Object
3
0
0
1
34
0.99999964
0.00000000
0.00000000
0.00000000
0.00000000
1.78299928
0.00000000
0.00000000
0.00000000
0.00000000
0.99999964
0.00000000
26.60206223
0.89149958
2.15217805
1.00000000
Prototype_GameObject_InteractObject
Layer_BackGround_Object
3
0
0
1
34
0.99999964
0.00000000
0.00000000
0.00000000
0.00000000
1.78299928
0.00000000
0.00000000
0.00000000
0.00000000
0.99999964
0.00000000
25.08297729
0.89149958
1.51446104
1.00000000
Prototype_GameObject_InteractObject
Layer_BackGround_Object
3
0
0
1
12
0.99999964
0.00000000
0.00000000
0.00000000
0.00000000
1.78299928
0.00000000
0.00000000
0.00000000
0.00000000
0.99999964
0.00000000
54.08649445
0.89149958
15.99999905
1.00000000
Prototype_GameObject_InteractObject
Layer_BackGround_Object
3
0
0
1
12
0.99999964
0.00000000
0.00000000
0.00000000
0.00000000
0.99999964
0.00000000
0.00000000
0.00000000
0.00000000
0.99999964
0.00000000
54.67351532
0.49999979
16.38254547
1.00000000
Prototype_GameObject_InteractObject
Layer_BackGround_Object
3
0
0
1
12
0.99999964
0.00000000
0.00000000
0.00000000
0.00000000
0.99999964
0.00000000
0.00000000
0.00000000
0.00000000
0.99999964
0.00000000
54.82370758
0.49999979
15.86233807
1.00000000
Prototype_GameObject_InteractObject
Layer_BackGround_Object
3
0
0
1
12
0.99999964
0.00000000
0.00000000
0.00000000
0.00000000
0.99999964
0.00000000
0.00000000
0.00000000
0.00000000
0.99999964
0.00000000
53.95697784
0.49999979
15.63565826
1.00000000
Prototype_GameObject_InteractObject
Layer_BackGround_Object
3
0
0
1
12
0.99999964
0.00000000
0.00000000
0.00000000
0.00000000
0.99999964
0.00000000
0.00000000
0.00000000
0.00000000
0.99999964
0.00000000
53.25988007
0.49999979
16.21041679
1.00000000
Prototype_GameObject_InteractObject
Layer_BackGround_Object
3
0
0
1
12
0.99999964
0.00000000
0.00000000
0.00000000
0.00000000
0.99999964
0.00000000
0.00000000
0.00000000
0.00000000
0.99999964
0.00000000
53.48574829
0.49999979
16.95916939
1.00000000
Prototype_GameObject_InteractObject
Layer_BackGround_Object
3
0
0
1
12
0.99999964
0.00000000
0.00000000
0.00000000
0.00000000
0.99999964
0.00000000
0.00000000
0.00000000
0.00000000
0.99999964
0.00000000
53.16043472
0.49999979
15.71800423
1.00000000
Prototype_GameObject_InteractObject
Layer_BackGround_Object
3
0
0
1
12
0.99999964
0.00000000
0.00000000
0.00000000
0.00000000
0.99999964
0.00000000
0.00000000
0.00000000
0.00000000
0.99999964
0.00000000
54.80542374
0.49999979
17.60494423
1.00000000
Prototype_GameObject_InteractObject
Layer_BackGround_Object
3
0
0
1
11
0.99999964
0.00000000
0.00000000
0.00000000
0.00000000
0.99999964
0.00000000
0.00000000
0.00000000
0.00000000
0.99999964
0.00000000
58.15797806
0.49999979
11.04671764
1.00000000
Prototype_GameObject_InteractObject
Layer_BackGround_Object
3
0
0
1
11
0.99999964
0.00000000
0.00000000
0.00000000
0.00000000
0.99999964
0.00000000
0.00000000
0.00000000
0.00000000
0.99999964
0.00000000
57.70055008
0.49999979
11.87327957
1.00000000
Prototype_GameObject_InteractObject
Layer_BackGround_Object
3
0
0
1
11
0.99999964
0.00000000
0.00000000
0.00000000
0.00000000
0.99999964
0.00000000
0.00000000
0.00000000
0.00000000
0.99999964
0.00000000
57.39785385
0.49999979
11.01532459
1.00000000
Prototype_GameObject_InteractObject
Layer_BackGround_Object
3
0
0
1
11
0.99999964
0.00000000
0.00000000
0.00000000
0.00000000
0.99999964
0.00000000
0.00000000
0.00000000
0.00000000
0.99999964
0.00000000
58.71909332
0.49999979
12.34005356
1.00000000
Prototype_GameObject_InteractObject
Layer_BackGround_Object
3
0
0
1
11
0.99999964
0.00000000
0.00000000
0.00000000
0.00000000
0.99999964
0.00000000
0.00000000
0.00000000
0.00000000
0.99999964
0.00000000
59.25032806
0.49999979
11.20127296
1.00000000
Prototype_GameObject_InteractObject
Layer_BackGround_Object
3
0
0
1
11
0.99999964
0.00000000
0.00000000
0.00000000
0.00000000
0.99999964
0.00000000
0.00000000
0.00000000
0.00000000
0.99999964
0.00000000
58.84585953
0.49999979
11.62109184
1.00000000
Prototype_GameObject_InteractObject
Layer_BackGround_Object
3
0
0
1
11
0.99999964
0.00000000
0.00000000
0.00000000
0.00000000
0.99999964
0.00000000
0.00000000
0.00000000
0.00000000
0.99999964
0.00000000
58.58425903
0.49999979
10.63031483
1.00000000
Prototype_GameObject_InteractObject
Layer_BackGround_Object
3
0
0
1
11
0.99999964
0.00000000
0.00000000
0.00000000
0.00000000
0.99999964
0.00000000
0.00000000
0.00000000
0.00000000
0.99999964
0.00000000
58.01154327
0.49999979
10.31118107
1.00000000
Prototype_GameObject_InteractObject
Layer_BackGround_Object
3
0
0
1
28
0.99999964
0.00000000
0.00000000
0.00000000
0.00000000
0.99999964
0.00000000
0.00000000
0.00000000
0.00000000
0.99999964
0.00000000
35.96769714
0.49999979
1.64171124
1.00000000
Prototype_GameObject_InteractObject
Layer_BackGround_Object
3
0
0
1
28
0.99999964
0.00000000
0.00000000
0.00000000
0.00000000
0.99999964
0.00000000
0.00000000
0.00000000
0.00000000
0.99999964
0.00000000
32.97126770
0.49999979
1.76063633
1.00000000
Prototype_GameObject_InteractObject
Layer_BackGround_Object
3
0
0
1
28
0.99999964
0.00000000
0.00000000
0.00000000
0.00000000
0.99999964
0.00000000
0.00000000
0.00000000
0.00000000
0.99999964
0.00000000
37.35829163
0.49999979
3.86799526
1.00000000
Prototype_GameObject_InteractObject
Layer_BackGround_Object
3
0
0
1
28
0.99999964
0.00000000
0.00000000
0.00000000
0.00000000
0.99999964
0.00000000
0.00000000
0.00000000
0.00000000
0.99999964
0.00000000
41.19702530
0.49999979
1.09594405
1.00000000
Prototype_GameObject_InteractObject
Layer_BackGround_Object
3
0
0
1
28
0.99999964
0.00000000
0.00000000
0.00000000
0.00000000
0.99999964
0.00000000
0.00000000
0.00000000
0.00000000
0.99999964
0.00000000
39.31151199
0.49999979
5.81723452
1.00000000
Prototype_GameObject_InteractObject
Layer_BackGround_Object
3
0
0
1
28
0.99999964
0.00000000
0.00000000
0.00000000
0.00000000
0.99999964
0.00000000
0.00000000
0.00000000
0.00000000
0.99999964
0.00000000
53.53247833
0.49999979
3.78130436
1.00000000
Prototype_GameObject_InteractObject
Layer_BackGround_Object
3
0
0
1
28
0.99999964
0.00000000
0.00000000
0.00000000
0.00000000
0.99999964
0.00000000
0.00000000
0.00000000
0.00000000
0.99999964
0.00000000
45.53723907
0.49999979
6.33942127
1.00000000
Prototype_GameObject_InteractObject
Layer_BackGround_Object
3
0
0
1
28
0.99999964
0.00000000
0.00000000
0.00000000
0.00000000
0.99999964
0.00000000
0.00000000
0.00000000
0.00000000
0.99999964
0.00000000
46.20666122
0.49999979
2.19722700
1.00000000
Prototype_GameObject_InteractObject
Layer_BackGround_Object
3
0
0
1
28
0.99999964
0.00000000
0.00000000
0.00000000
0.00000000
0.99999964
0.00000000
0.00000000
0.00000000
0.00000000
0.99999964
0.00000000
49.59157181
0.49999979
1.28167260
1.00000000
Prototype_GameObject_InteractObject
Layer_BackGround_Object
3
0
0
1
28
0.99999964
0.00000000
0.00000000
0.00000000
0.00000000
0.99999964
0.00000000
0.00000000
0.00000000
0.00000000
0.99999964
0.00000000
49.77676392
0.49999979
3.40609074
1.00000000
Prototype_GameObject_InteractObject
Layer_BackGround_Object
3
0
0
1
28
0.99999964
0.00000000
0.00000000
0.00000000
0.00000000
0.99999964
0.00000000
0.00000000
0.00000000
0.00000000
0.99999964
0.00000000
46.01552200
0.49999979
8.81603336
1.00000000
Prototype_GameObject_InteractObject
Layer_BackGround_Object
3
0
0
1
28
0.99999964
0.00000000
0.00000000
0.00000000
0.00000000
0.99999964
0.00000000
0.00000000
0.00000000
0.00000000
0.99999964
0.00000000
47.51467133
0.49999979
9.95995522
1.00000000
Prototype_GameObject_InteractObject
Layer_BackGround_Object
3
0
0
1
28
0.99999964
0.00000000
0.00000000
0.00000000
0.00000000
0.99999964
0.00000000
0.00000000
0.00000000
0.00000000
0.99999964
0.00000000
52.04352951
0.49999979
7.05574989
1.00000000
Prototype_GameObject_InteractObject
Layer_BackGround_Object
3
0
0
1
28
0.99999964
0.00000000
0.00000000
0.00000000
0.00000000
0.99999964
0.00000000
0.00000000
0.00000000
0.00000000
0.99999964
0.00000000
61.35640717
0.49999979
2.50464892
1.00000000
Prototype_GameObject_InteractObject
Layer_BackGround_Object
3
0
0
1
28
0.99999964
0.00000000
0.00000000
0.00000000
0.00000000
0.99999964
0.00000000
0.00000000
0.00000000
0.00000000
0.99999964
0.00000000
55.62561035
0.49999979
4.66923475
1.00000000
Prototype_GameObject_InteractObject
Layer_BackGround_Object
3
0
0
1
28
0.99999964
0.00000000
0.00000000
0.00000000
0.00000000
0.99999964
0.00000000
0.00000000
0.00000000
0.00000000
0.99999964
0.00000000
55.89170074
0.49999979
0.67700088
1.00000000
Prototype_GameObject_InteractObject
Layer_BackGround_Object
3
0
0
1
28
0.99999964
0.00000000
0.00000000
0.00000000
0.00000000
0.99999964
0.00000000
0.00000000
0.00000000
0.00000000
0.99999964
0.00000000
54.07812881
0.49999979
1.24771965
1.00000000
Prototype_GameObject_InteractObject
Layer_BackGround_Object
3
0
0
1
28
0.99999964
0.00000000
0.00000000
0.00000000
0.00000000
0.99999964
0.00000000
0.00000000
0.00000000
0.00000000
0.99999964
0.00000000
50.12850952
0.49999979
5.41083002
1.00000000
Prototype_GameObject_InteractObject
Layer_BackGround_Object
3
0
0
1
28
0.99999964
0.00000000
0.00000000
0.00000000
0.00000000
0.99999964
0.00000000
0.00000000
0.00000000
0.00000000
0.99999964
0.00000000
61.89075470
0.49999979
1.06670713
1.00000000
Prototype_GameObject_InteractObject
Layer_BackGround_Object
3
0
0
1
28
0.99999964
0.00000000
0.00000000
0.00000000
0.00000000
0.99999964
0.00000000
0.00000000
0.00000000
0.00000000
0.99999964
0.00000000
58.65414429
0.49999979
1.33602071
1.00000000
Prototype_GameObject_InteractObject
Layer_BackGround_Object
3
0
0
1
28
0.99999964
0.00000000
0.00000000
0.00000000
0.00000000
0.99999964
0.00000000
0.00000000
0.00000000
0.00000000
0.99999964
0.00000000
63.87107086
0.49999979
1.07920253
1.00000000
Prototype_GameObject_InteractObject
Layer_BackGround_Object
3
0
0
1
28
0.99999964
0.00000000
0.00000000
0.00000000
0.00000000
0.99999964
0.00000000
0.00000000
0.00000000
0.00000000
0.99999964
0.00000000
64.54800415
0.49999979
1.41946292
1.00000000
Prototype_GameObject_InteractObject
Layer_BackGround_Object
3
0
0
1
28
0.99999964
0.00000000
0.00000000
0.00000000
0.00000000
0.99999964
0.00000000
0.00000000
0.00000000
0.00000000
0.99999964
0.00000000
63.52305603
0.49999979
2.86806464
1.00000000
Prototype_GameObject_InteractObject
Layer_BackGround_Object
3
0
0
1
35
0.99999964
0.00000000
0.00000000
0.00000000
0.00000000
0.99999964
0.00000000
0.00000000
0.00000000
0.00000000
0.99999964
0.00000000
15.14030075
0.49999979
28.84126854
1.00000000
Prototype_GameObject_InteractObject
Layer_BackGround_Object
3
0
0
1
35
0.99999964
0.00000000
0.00000000
0.00000000
0.00000000
0.99999964
0.00000000
0.00000000
0.00000000
0.00000000
0.99999964
0.00000000
15.93918800
0.49999979
29.51584244
1.00000000
Prototype_GameObject_InteractObject
Layer_BackGround_Object
3
0
0
1
35
0.99999964
0.00000000
0.00000000
0.00000000
0.00000000
0.99999964
0.00000000
0.00000000
0.00000000
0.00000000
0.99999964
0.00000000
15.77914047
0.49999979
28.21928406
1.00000000
Prototype_GameObject_DecoObject
Layer_BackGround_Object
5
0
1
0
6
9.99999428
0.00000000
0.00000000
0.00000000
0.00000000
9.99999428
0.00000000
0.00000000
0.00000000
0.00000000
0.99999964
0.00000000
45.11995316
4.99999666
39.12995148
1.00000000
Prototype_GameObject_InteractObject
Layer_BackGround_Object
2
0
0
0
7
1.55399930
0.00000000
0.00000000
0.00000000
0.00000000
1.35899925
0.00000000
0.00000000
0.00000000
0.00000000
0.99999964
0.00000000
20.31583977
0.67949957
4.46396017
1.00000000
Prototype_GameObject_InteractObject
Layer_BackGround_Object
2
0
0
1
7
1.55399930
0.00000000
0.00000000
0.00000000
0.00000000
1.35899925
0.00000000
0.00000000
0.00000000
0.00000000
0.99999964
0.00000000
18.34712982
0.67949957
2.57950902
1.00000000
Prototype_GameObject_InteractObject
Layer_BackGround_Object
2
0
0
1
8
1.55399930
0.00000000
0.00000000
0.00000000
0.00000000
4.58699703
0.00000000
0.00000000
0.00000000
0.00000000
0.99999964
0.00000000
6.88738155
2.29349828
7.35969734
1.00000000
Prototype_GameObject_InteractObject
Layer_BackGround_Object
2
0
0
1
8
1.55399930
0.00000000
0.00000000
0.00000000
0.00000000
4.58699703
0.00000000
0.00000000
0.00000000
0.00000000
0.99999964
0.00000000
40.42921066
2.29349828
2.60626936
1.00000000
Prototype_GameObject_InteractObject
Layer_BackGround_Object
2
0
0
1
8
1.55399930
0.00000000
0.00000000
0.00000000
0.00000000
4.58699703
0.00000000
0.00000000
0.00000000
0.00000000
0.99999964
0.00000000
49.08472061
2.29349828
2.53885913
1.00000000
Prototype_GameObject_InteractObject
Layer_BackGround_Object
2
0
0
1
5
3.86899853
0.00000000
0.00000000
0.00000000
0.00000000
3.08699846
0.00000000
0.00000000
0.00000000
0.00000000
0.99999964
0.00000000
59.83312988
1.54349911
4.60702562
1.00000000
Prototype_GameObject_InteractObject
Layer_BackGround_Object
3
0
0
1
20
0.99999964
0.00000000
0.00000000
0.00000000
0.00000000
1.52199924
0.00000000
0.00000000
0.00000000
0.00000000
0.99999964
0.00000000
64.09241486
0.76099956
9.16284275
1.00000000
Prototype_GameObject_InteractObject
Layer_BackGround_Object
3
0
0
1
20
0.99999964
0.00000000
0.00000000
0.00000000
0.00000000
1.52199924
0.00000000
0.00000000
0.00000000
0.00000000
0.99999964
0.00000000
63.99999619
0.76099956
9.53299713
1.00000000
Prototype_GameObject_InteractObject
Layer_BackGround_Object
3
0
0
1
20
0.99999964
0.00000000
0.00000000
0.00000000
0.00000000
1.52199924
0.00000000
0.00000000
0.00000000
0.00000000
0.99999964
0.00000000
63.99999619
0.76099956
8.92601681
1.00000000
Prototype_GameObject_InteractObject
Layer_BackGround_Object
3
0
0
1
20
0.99999964
0.00000000
0.00000000
0.00000000
0.00000000
1.52199924
0.00000000
0.00000000
0.00000000
0.00000000
0.99999964
0.00000000
64.20883179
0.76099956
8.50184059
1.00000000
Prototype_GameObject_InteractObject
Layer_BackGround_Object
3
0
0
1
20
0.99999964
0.00000000
0.00000000
0.00000000
0.00000000
1.52199924
0.00000000
0.00000000
0.00000000
0.00000000
0.99999964
0.00000000
64.38871765
0.76099956
10.17833900
1.00000000
Prototype_GameObject_InteractObject
Layer_BackGround_Object
3
0
0
1
20
0.99999964
0.00000000
0.00000000
0.00000000
0.00000000
1.52199924
0.00000000
0.00000000
0.00000000
0.00000000
0.99999964
0.00000000
65.38989258
0.76099956
7.56670856
1.00000000
Prototype_GameObject_InteractObject
Layer_BackGround_Object
3
0
0
1
18
0.99999964
0.00000000
0.00000000
0.00000000
0.00000000
1.52199924
0.00000000
0.00000000
0.00000000
0.00000000
0.99999964
0.00000000
66.83122253
0.76099956
15.76587200
1.00000000
Prototype_GameObject_InteractObject
Layer_BackGround_Object
3
0
0
1
18
0.99999964
0.00000000
0.00000000
0.00000000
0.00000000
0.99999964
0.00000000
0.00000000
0.00000000
0.00000000
0.99999964
0.00000000
62.71526337
0.49999979
9.38748837
1.00000000
Prototype_GameObject_InteractObject
Layer_BackGround_Object
3
0
0
1
18
0.99999964
0.00000000
0.00000000
0.00000000
0.00000000
0.99999964
0.00000000
0.00000000
0.00000000
0.00000000
0.99999964
0.00000000
65.23326111
0.49999979
7.42161846
1.00000000
Prototype_GameObject_InteractObject
Layer_BackGround_Object
3
0
0
1
19
0.99999964
0.00000000
0.00000000
0.00000000
0.00000000
0.99999964
0.00000000
0.00000000
0.00000000
0.00000000
0.99999964
0.00000000
63.56103516
0.49999979
7.99999952
1.00000000
Prototype_GameObject_InteractObject
Layer_BackGround_Object
3
0
0
1
19
0.99999964
0.00000000
0.00000000
0.00000000
0.00000000
0.99999964
0.00000000
0.00000000
0.00000000
0.00000000
0.99999964
0.00000000
63.99999619
0.49999979
7.12017059
1.00000000
Prototype_GameObject_InteractObject
Layer_BackGround_Object
3
0
0
1
26
0.99999964
0.00000000
0.00000000
0.00000000
0.00000000
0.99999964
0.00000000
0.00000000
0.00000000
0.00000000
0.99999964
0.00000000
63.22303772
0.49999979
7.73312664
1.00000000
Prototype_GameObject_InteractObject
Layer_BackGround_Object
3
0
0
1
26
0.99999964
0.00000000
0.00000000
0.00000000
0.00000000
0.99999964
0.00000000
0.00000000
0.00000000
0.00000000
0.99999964
0.00000000
63.20803070
0.49999979
8.97624969
1.00000000
Prototype_GameObject_InteractObject
Layer_BackGround_Object
3
0
0
1
26
0.99999964
0.00000000
0.00000000
0.00000000
0.00000000
0.99999964
0.00000000
0.00000000
0.00000000
0.00000000
0.99999964
0.00000000
63.54729462
0.49999979
10.42588711
1.00000000
Prototype_GameObject_InteractObject
Layer_BackGround_Object
3
0
0
1
26
0.99999964
0.00000000
0.00000000
0.00000000
0.00000000
0.99999964
0.00000000
0.00000000
0.00000000
0.00000000
0.99999964
0.00000000
65.51404572
0.49999979
9.57284927
1.00000000
Prototype_GameObject_InteractObject
Layer_BackGround_Object
3
0
0
1
26
0.99999964
0.00000000
0.00000000
0.00000000
0.00000000
0.99999964
0.00000000
0.00000000
0.00000000
0.00000000
0.99999964
0.00000000
65.31763458
0.49999979
6.76978683
1.00000000
Prototype_GameObject_InteractObject
Layer_BackGround_Object
3
0
0
1
26
0.99999964
0.00000000
0.00000000
0.00000000
0.00000000
0.99999964
0.00000000
0.00000000
0.00000000
0.00000000
0.99999964
0.00000000
63.81014633
0.49999979
14.92484665
1.00000000
Prototype_GameObject_InteractObject
Layer_BackGround_Object
3
0
0
1
26
0.99999964
0.00000000
0.00000000
0.00000000
0.00000000
0.99999964
0.00000000
0.00000000
0.00000000
0.00000000
0.99999964
0.00000000
61.69476700
0.49999979
7.02064753
1.00000000
Prototype_GameObject_InteractObject
Layer_BackGround_Object
3
0
0
1
26
0.99999964
0.00000000
0.00000000
0.00000000
0.00000000
0.99999964
0.00000000
0.00000000
0.00000000
0.00000000
0.99999964
0.00000000
43.77359009
0.49999979
3.50382233
1.00000000
Prototype_GameObject_InteractObject
Layer_BackGround_Object
3
0
0
1
26
0.99999964
0.00000000
0.00000000
0.00000000
0.00000000
0.99999964
0.00000000
0.00000000
0.00000000
0.00000000
0.99999964
0.00000000
41.61315918
0.49999979
2.18676138
1.00000000
Prototype_GameObject_InteractObject
Layer_BackGround_Object
3
0
0
1
28
0.99999964
0.00000000
0.00000000
0.00000000
0.00000000
0.99999964
0.00000000
0.00000000
0.00000000
0.00000000
0.99999964
0.00000000
34.68639755
0.49999979
6.14070129
1.00000000
Prototype_GameObject_InteractObject
Layer_BackGround_Object
3
0
0
1
28
0.99999964
0.00000000
0.00000000
0.00000000
0.00000000
0.99999964
0.00000000
0.00000000
0.00000000
0.00000000
0.99999964
0.00000000
40.77211380
0.49999979
2.32647586
1.00000000
Prototype_GameObject_InteractObject
Layer_BackGround_Object
3
0
0
1
27
0.99999964
0.00000000
0.00000000
0.00000000
0.00000000
0.99999964
0.00000000
0.00000000
0.00000000
0.00000000
0.99999964
0.00000000
36.80022430
0.49999979
6.55760193
1.00000000
Prototype_GameObject_InteractObject
Layer_BackGround_Object
3
0
0
1
27
0.99999964
0.00000000
0.00000000
0.00000000
0.00000000
0.99999964
0.00000000
0.00000000
0.00000000
0.00000000
0.99999964
0.00000000
40.98883057
0.49999979
1.30269873
1.00000000
Prototype_GameObject_InteractObject
Layer_BackGround_Object
3
0
0
1
29
0.99999964
0.00000000
0.00000000
0.00000000
0.00000000
0.99999964
0.00000000
0.00000000
0.00000000
0.00000000
0.99999964
0.00000000
38.30326462
0.49999979
2.15500832
1.00000000
Prototype_GameObject_InteractObject
Layer_BackGround_Object
3
0
0
1
29
0.99999964
0.00000000
0.00000000
0.00000000
0.00000000
0.99999964
0.00000000
0.00000000
0.00000000
0.00000000
0.99999964
0.00000000
34.55939484
0.49999979
3.80274582
1.00000000
Prototype_GameObject_InteractObject
Layer_BackGround_Object
3
0
0
1
29
0.99999964
0.00000000
0.00000000
0.00000000
0.00000000
0.99999964
0.00000000
0.00000000
0.00000000
0.00000000
0.99999964
0.00000000
41.05639648
0.49999979
2.49077463
1.00000000
Prototype_GameObject_InteractObject
Layer_BackGround_Object
3
0
0
1
53
0.99999964
0.00000000
0.00000000
0.00000000
0.00000000
0.99999964
0.00000000
0.00000000
0.00000000
0.00000000
0.99999964
0.00000000
34.74850845
0.49999979
1.21382678
1.00000000
Prototype_GameObject_InteractObject
Layer_BackGround_Object
3
0
0
1
53
0.99999964
0.00000000
0.00000000
0.00000000
0.00000000
0.99999964
0.00000000
0.00000000
0.00000000
0.00000000
0.99999964
0.00000000
34.47584915
0.49999979
1.74228477
1.00000000
Prototype_GameObject_InteractObject
Layer_BackGround_Object
3
0
0
1
53
0.99999964
0.00000000
0.00000000
0.00000000
0.00000000
0.99999964
0.00000000
0.00000000
0.00000000
0.00000000
0.99999964
0.00000000
34.94802094
0.49999979
2.17110181
1.00000000
Prototype_GameObject_InteractObject
Layer_BackGround_Object
3
0
0
1
53
0.99999964
0.00000000
0.00000000
0.00000000
0.00000000
0.99999964
0.00000000
0.00000000
0.00000000
0.00000000
0.99999964
0.00000000
35.63825989
0.49999979
0.82460690
1.00000000
Prototype_GameObject_InteractObject
Layer_BackGround_Object
3
0
0
1
53
0.99999964
0.00000000
0.00000000
0.00000000
0.00000000
0.99999964
0.00000000
0.00000000
0.00000000
0.00000000
0.99999964
0.00000000
35.47783661
0.49999979
1.64283848
1.00000000
Prototype_GameObject_InteractObject
Layer_BackGround_Object
3
0
0
1
53
0.99999964
0.00000000
0.00000000
0.00000000
0.00000000
0.99999964
0.00000000
0.00000000
0.00000000
0.00000000
0.99999964
0.00000000
37.19515228
0.49999979
1.29198956
1.00000000
Prototype_GameObject_InteractObject
Layer_BackGround_Object
3
0
0
1
53
0.99999964
0.00000000
0.00000000
0.00000000
0.00000000
0.99999964
0.00000000
0.00000000
0.00000000
0.00000000
0.99999964
0.00000000
36.66096878
0.49999979
0.83501482
1.00000000
Prototype_GameObject_InteractObject
Layer_BackGround_Object
3
0
0
1
53
0.99999964
0.00000000
0.00000000
0.00000000
0.00000000
0.99999964
0.00000000
0.00000000
0.00000000
0.00000000
0.99999964
0.00000000
50.56191635
0.49999979
1.98957205
1.00000000
Prototype_GameObject_InteractObject
Layer_BackGround_Object
3
0
0
1
51
0.99999964
0.00000000
0.00000000
0.00000000
0.00000000
0.99999964
0.00000000
0.00000000
0.00000000
0.00000000
0.99999964
0.00000000
46.98527527
0.49999979
0.96448755
1.00000000
Prototype_GameObject_InteractObject
Layer_BackGround_Object
3
0
0
1
51
0.99999964
0.00000000
0.00000000
0.00000000
0.00000000
0.99999964
0.00000000
0.00000000
0.00000000
0.00000000
0.99999964
0.00000000
45.12030029
0.49999979
0.89413214
1.00000000
Prototype_GameObject_InteractObject
Layer_BackGround_Object
3
0
0
1
51
0.99999964
0.00000000
0.00000000
0.00000000
0.00000000
0.99999964
0.00000000
0.00000000
0.00000000
0.00000000
0.99999964
0.00000000
46.58367157
0.49999979
4.15298080
1.00000000
Prototype_GameObject_InteractObject
Layer_BackGround_Object
3
0
0
1
51
0.99999964
0.00000000
0.00000000
0.00000000
0.00000000
0.99999964
0.00000000
0.00000000
0.00000000
0.00000000
0.99999964
0.00000000
42.97012329
0.49999979
1.35769832
1.00000000
Prototype_GameObject_InteractObject
Layer_BackGround_Object
3
0
0
1
51
0.99999964
0.00000000
0.00000000
0.00000000
0.00000000
0.99999964
0.00000000
0.00000000
0.00000000
0.00000000
0.99999964
0.00000000
17.54116249
0.49999979
11.88005447
1.00000000
Prototype_GameObject_InteractObject
Layer_BackGround_Object
3
0
0
1
51
0.99999964
0.00000000
0.00000000
0.00000000
0.00000000
0.99999964
0.00000000
0.00000000
0.00000000
0.00000000
0.99999964
0.00000000
19.74119759
0.49999979
11.80166340
1.00000000
Prototype_GameObject_InteractObject
Layer_BackGround_Object
3
0
0
1
51
0.99999964
0.00000000
0.00000000
0.00000000
0.00000000
0.99999964
0.00000000
0.00000000
0.00000000
0.00000000
0.99999964
0.00000000
20.64374352
0.49999979
11.51319122
1.00000000
Prototype_GameObject_InteractObject
Layer_BackGround_Object
3
0
0
1
51
0.99999964
0.00000000
0.00000000
0.00000000
0.00000000
0.99999964
0.00000000
0.00000000
0.00000000
0.00000000
0.99999964
0.00000000
24.80430412
0.49999979
43.42856598
1.00000000
Prototype_GameObject_InteractObject
Layer_BackGround_Object
3
0
0
1
51
0.99999964
0.00000000
0.00000000
0.00000000
0.00000000
0.99999964
0.00000000
0.00000000
0.00000000
0.00000000
0.99999964
0.00000000
26.37481689
0.49999979
31.39319420
1.00000000
Prototype_GameObject_InteractObject
Layer_BackGround_Object
3
0
0
1
51
0.99999964
0.00000000
0.00000000
0.00000000
0.00000000
0.99999964
0.00000000
0.00000000
0.00000000
0.00000000
0.99999964
0.00000000
46.66561508
0.49999979
22.15008545
1.00000000
Prototype_GameObject_InteractObject
Layer_BackGround_Object
3
0
0
1
21
0.99999964
0.00000000
0.00000000
0.00000000
0.00000000
0.99999964
0.00000000
0.00000000
0.00000000
0.00000000
0.99999964
0.00000000
7.98238850
0.49999979
22.20181847
1.00000000
Prototype_GameObject_InteractObject
Layer_BackGround_Object
3
0
0
1
21
0.99999964
0.00000000
0.00000000
0.00000000
0.00000000
0.99999964
0.00000000
0.00000000
0.00000000
0.00000000
0.99999964
0.00000000
7.36328602
0.49999979
22.64110756
1.00000000
Prototype_GameObject_InteractObject
Layer_BackGround_Object
3
0
0
1
21
0.99999964
0.00000000
0.00000000
0.00000000
0.00000000
0.99999964
0.00000000
0.00000000
0.00000000
0.00000000
0.99999964
0.00000000
6.85892248
0.49999979
23.31297684
1.00000000
Prototype_GameObject_InteractObject
Layer_BackGround_Object
3
0
0
1
21
0.99999964
0.00000000
0.00000000
0.00000000
0.00000000
0.99999964
0.00000000
0.00000000
0.00000000
0.00000000
0.99999964
0.00000000
6.54878044
0.49999979
24.20568085
1.00000000
Prototype_GameObject_InteractObject
Layer_BackGround_Object
3
0
0
1
21
0.99999964
0.00000000
0.00000000
0.00000000
0.00000000
0.99999964
0.00000000
0.00000000
0.00000000
0.00000000
0.99999964
0.00000000
6.72417545
0.49999979
25.01076508
1.00000000
Prototype_GameObject_InteractObject
Layer_BackGround_Object
3
0
0
1
21
0.99999964
0.00000000
0.00000000
0.00000000
0.00000000
0.99999964
0.00000000
0.00000000
0.00000000
0.00000000
0.99999964
0.00000000
7.45174122
0.49999979
25.50085068
1.00000000
Prototype_GameObject_InteractObject
Layer_BackGround_Object
3
0
0
1
21
0.99999964
0.00000000
0.00000000
0.00000000
0.00000000
0.99999964
0.00000000
0.00000000
0.00000000
0.00000000
0.99999964
0.00000000
8.11611366
0.49999979
25.05057716
1.00000000
Prototype_GameObject_InteractObject
Layer_BackGround_Object
3
0
0
1
21
0.99999964
0.00000000
0.00000000
0.00000000
0.00000000
0.99999964
0.00000000
0.00000000
0.00000000
0.00000000
0.99999964
0.00000000
8.49146175
0.49999979
24.50662231
1.00000000
Prototype_GameObject_InteractObject
Layer_BackGround_Object
3
0
0
1
21
0.99999964
0.00000000
0.00000000
0.00000000
0.00000000
0.99999964
0.00000000
0.00000000
0.00000000
0.00000000
0.99999964
0.00000000
9.14599228
0.49999979
25.05838585
1.00000000
Prototype_GameObject_InteractObject
Layer_BackGround_Object
3
0
0
1
21
0.99999964
0.00000000
0.00000000
0.00000000
0.00000000
0.99999964
0.00000000
0.00000000
0.00000000
0.00000000
0.99999964
0.00000000
9.42556572
0.49999979
25.41355705
1.00000000
Prototype_GameObject_InteractObject
Layer_BackGround_Object
3
0
0
1
21
0.99999964
0.00000000
0.00000000
0.00000000
0.00000000
0.99999964
0.00000000
0.00000000
0.00000000
0.00000000
0.99999964
0.00000000
10.09997749
0.49999979
25.87172699
1.00000000
Prototype_GameObject_InteractObject
Layer_BackGround_Object
3
0
0
1
21
0.99999964
0.00000000
0.00000000
0.00000000
0.00000000
0.99999964
0.00000000
0.00000000
0.00000000
0.00000000
0.99999964
0.00000000
10.75416756
0.49999979
25.45675659
1.00000000
Prototype_GameObject_InteractObject
Layer_BackGround_Object
3
0
0
1
21
0.99999964
0.00000000
0.00000000
0.00000000
0.00000000
0.99999964
0.00000000
0.00000000
0.00000000
0.00000000
0.99999964
0.00000000
10.94510651
0.49999979
24.66412544
1.00000000
Prototype_GameObject_InteractObject
Layer_BackGround_Object
3
0
0
1
21
0.99999964
0.00000000
0.00000000
0.00000000
0.00000000
0.99999964
0.00000000
0.00000000
0.00000000
0.00000000
0.99999964
0.00000000
10.66738796
0.49999979
24.04249001
1.00000000
Prototype_GameObject_InteractObject
Layer_BackGround_Object
3
0
0
1
21
0.99999964
0.00000000
0.00000000
0.00000000
0.00000000
0.99999964
0.00000000
0.00000000
0.00000000
0.00000000
0.99999964
0.00000000
10.33736610
0.49999979
23.42971992
1.00000000
Prototype_GameObject_InteractObject
Layer_BackGround_Object
3
0
0
1
21
0.99999964
0.00000000
0.00000000
0.00000000
0.00000000
0.99999964
0.00000000
0.00000000
0.00000000
0.00000000
0.99999964
0.00000000
9.99786472
0.49999979
22.89077759
1.00000000
Prototype_GameObject_InteractObject
Layer_BackGround_Object
3
0
0
1
21
0.99999964
0.00000000
0.00000000
0.00000000
0.00000000
0.99999964
0.00000000
0.00000000
0.00000000
0.00000000
0.99999964
0.00000000
9.44199657
0.49999979
22.26725960
1.00000000
Prototype_GameObject_InteractObject
Layer_BackGround_Object
3
0
0
1
21
0.99999964
0.00000000
0.00000000
0.00000000
0.00000000
0.99999964
0.00000000
0.00000000
0.00000000
0.00000000
0.99999964
0.00000000
9.10691547
0.49999979
21.78594589
1.00000000
Prototype_GameObject_InteractObject
Layer_BackGround_Object
3
0
0
1
21
0.99999964
0.00000000
0.00000000
0.00000000
0.00000000
0.99999964
0.00000000
0.00000000
0.00000000
0.00000000
0.99999964
0.00000000
8.66837597
0.49999979
21.37065697
1.00000000
Prototype_GameObject_InteractObject
Layer_BackGround_Object
3
0
0
1
21
0.99999964
0.00000000
0.00000000
0.00000000
0.00000000
0.99999964
0.00000000
0.00000000
0.00000000
0.00000000
0.99999964
0.00000000
8.31634045
0.49999979
20.91507721
1.00000000
Prototype_GameObject_InteractObject
Layer_BackGround_Object
3
0
0
1
21
0.99999964
0.00000000
0.00000000
0.00000000
0.00000000
0.99999964
0.00000000
0.00000000
0.00000000
0.00000000
0.99999964
0.00000000
8.13277912
0.49999979
20.64377594
1.00000000
Prototype_GameObject_InteractObject
Layer_BackGround_Object
3
0
0
1
21
0.99999964
0.00000000
0.00000000
0.00000000
0.00000000
0.99999964
0.00000000
0.00000000
0.00000000
0.00000000
0.99999964
0.00000000
7.79697752
0.49999979
20.16013527
1.00000000
Prototype_GameObject_InteractObject
Layer_BackGround_Object
3
0
0
1
21
0.99999964
0.00000000
0.00000000
0.00000000
0.00000000
0.99999964
0.00000000
0.00000000
0.00000000
0.00000000
0.99999964
0.00000000
64.58567810
0.49999979
46.79815292
1.00000000
Prototype_GameObject_InteractObject
Layer_BackGround_Object
2
0
0
1
7
0.99999964
0.00000000
0.00000000
0.00000000
0.00000000
4.78299713
0.00000000
0.00000000
0.00000000
0.00000000
0.99999964
0.00000000
57.96397781
2.39149833
44.76045990
1.00000000
Prototype_GameObject_InteractObject
Layer_BackGround_Object
2
0
0
1
7
2.43499851
0.00000000
0.00000000
0.00000000
0.00000000
2.76099849
0.00000000
0.00000000
0.00000000
0.00000000
0.99999964
0.00000000
43.02970505
1.38049912
6.56904793
1.00000000
Prototype_GameObject_InteractObject
Layer_BackGround_Object
2
0
0
1
7
2.43499851
0.00000000
0.00000000
0.00000000
0.00000000
2.76099849
0.00000000
0.00000000
0.00000000
0.00000000
0.99999964
0.00000000
60.85406494
1.38049912
15.67126846
1.00000000
Prototype_GameObject_InteractObject
Layer_BackGround_Object
2
0
0
1
7
2.43499851
0.00000000
0.00000000
0.00000000
0.00000000
2.76099849
0.00000000
0.00000000
0.00000000
0.00000000
0.99999964
0.00000000
57.52020264
1.38049912
23.13877487
1.00000000
Prototype_GameObject_DecoObject
Layer_BackGround_Object
5
0
3
1
16
2.43499851
0.00000000
0.00000000
0.00000000
0.00000000
2.76099849
0.00000000
0.00000000
0.00000000
0.00000000
0.99999964
0.00000000
7.46613169
1.38049912
41.55818176
1.00000000
Prototype_GameObject_DecoObject
Layer_BackGround_Object
5
0
3
1
16
2.43499851
0.00000000
0.00000000
0.00000000
0.00000000
2.76099849
0.00000000
0.00000000
0.00000000
0.00000000
0.99999964
0.00000000
7.04816484
1.38049912
40.91287613
1.00000000
Prototype_GameObject_DecoObject
Layer_BackGround_Object
5
0
3
1
16
2.43499851
0.00000000
0.00000000
0.00000000
0.00000000
2.76099849
0.00000000
0.00000000
0.00000000
0.00000000
0.99999964
0.00000000
11.58698273
1.38049912
42.72031784
1.00000000
Prototype_GameObject_DecoObject
Layer_BackGround_Object
5
0
3
1
16
2.43499851
0.00000000
0.00000000
0.00000000
0.00000000
2.76099849
0.00000000
0.00000000
0.00000000
0.00000000
0.99999964
0.00000000
12.16863918
1.38049912
42.10602188
1.00000000
Prototype_GameObject_DecoObject
Layer_BackGround_Object
5
0
3
1
16
2.43499851
0.00000000
0.00000000
0.00000000
0.00000000
2.76099849
0.00000000
0.00000000
0.00000000
0.00000000
0.99999964
0.00000000
7.82023764
1.38049912
38.19107056
1.00000000
Prototype_GameObject_DecoObject
Layer_BackGround_Object
5
0
3
1
16
2.43499851
0.00000000
0.00000000
0.00000000
0.00000000
2.76099849
0.00000000
0.00000000
0.00000000
0.00000000
0.99999964
0.00000000
12.65939903
1.38049912
39.49173355
1.00000000
Prototype_GameObject_DecoObject
Layer_BackGround_Object
5
1
3
0
11
0.99999964
0.00000000
0.00000000
0.00000000
0.00000000
0.99999964
0.00000000
0.00000000
0.00000000
0.00000000
0.99999964
0.00000000
0.49999997
0.49999979
0.50560540
1.00000000
Prototype_GameObject_DecoObject
Layer_BackGround_Object
5
1
3
0
11
0.99999964
0.00000000
0.00000000
0.00000000
0.00000000
0.99999964
0.00000000
0.00000000
0.00000000
0.00000000
0.99999964
0.00000000
67.93978882
0.49999979
0.50562334
1.00000000
Prototype_GameObject_DecoObject
Layer_BackGround_Object
5
1
3
0
11
0.99999964
0.00000000
0.00000000
0.00000000
0.00000000
0.99999964
0.00000000
0.00000000
0.00000000
0.00000000
0.99999964
0.00000000
67.94268799
0.49999979
48.50999832
1.00000000
Prototype_GameObject_DecoObject
Layer_BackGround_Object
5
1
3
0
11
0.99999964
0.00000000
0.00000000
0.00000000
0.00000000
0.99999964
0.00000000
0.00000000
0.00000000
0.00000000
0.99999964
0.00000000
0.49999997
0.49999979
48.50999832
1.00000000
Prototype_GameObject_DecoObject
Layer_BackGround_Object
5
1
3
0
9
2.40199852
0.00000000
0.00000000
0.00000000
0.00000000
0.99999964
0.00000000
0.00000000
0.00000000
0.00000000
2.27199864
0.00000000
27.50000000
0.49999979
34.24732208
1.00000000
Prototype_GameObject_DecoObject
Layer_BackGround_Object
5
1
3
0
8
2.40199852
0.00000000
0.00000000
0.00000000
0.00000000
0.99999964
0.00000000
0.00000000
0.00000000
0.00000000
2.27199864
0.00000000
35.24023438
0.49999979
34.25023270
1.00000000
Prototype_GameObject_DecoObject
Layer_BackGround_Object
5
0
0
0
14
2.40199852
0.00000000
0.00000000
0.00000000
0.00000000
3.93499851
0.00000000
0.00000000
0.00000000
0.00000000
0.99999964
0.00000000
26.50000000
1.96749914
44.25424576
1.00000000
Prototype_GameObject_DecoObject
Layer_BackGround_Object
5
0
0
0
14
2.40199852
0.00000000
0.00000000
0.00000000
0.00000000
3.93499851
0.00000000
0.00000000
0.00000000
0.00000000
0.99999964
0.00000000
40.24464417
1.96749914
45.25464249
1.00000000
Prototype_GameObject_DecoObject
Layer_BackGround_Object
5
0
0
0
14
2.40199852
0.00000000
0.00000000
0.00000000
0.00000000
3.93499851
0.00000000
0.00000000
0.00000000
0.00000000
0.99999964
0.00000000
17.37245750
1.96749914
45.25491333
1.00000000
Prototype_GameObject_DecoObject
Layer_BackGround_Object
5
0
0
0
14
2.40199852
0.00000000
0.00000000
0.00000000
0.00000000
3.93499851
0.00000000
0.00000000
0.00000000
0.00000000
0.99999964
0.00000000
3.50000000
1.96749914
45.25528717
1.00000000
Prototype_GameObject_DecoObject
Layer_BackGround_Object
5
0
0
0
14
2.40199852
0.00000000
0.00000000
0.00000000
0.00000000
3.93499851
0.00000000
0.00000000
0.00000000
0.00000000
0.99999964
0.00000000
61.50000000
1.96749914
44.25568390
1.00000000
Prototype_GameObject_DecoObject
Layer_BackGround_Object
5
1
0
0
26
9.02199459
0.00000000
0.00000000
0.00000000
0.00000000
0.99999964
0.00000000
0.00000000
0.00000000
0.00000000
9.02199459
0.00000000
31.50000000
0.49999979
39.26161575
1.00000000
Prototype_GameObject_DecoObject
Layer_BackGround_Object
5
0
3
0
16
2.17399883
0.00000000
0.00000000
0.00000000
0.00000000
2.76099873
0.00000000
0.00000000
0.00000000
0.00000000
0.99999970
0.00000000
10.44298840
1.38049924
38.28195190
1.00000000
Prototype_GameObject_DecoObject
Layer_BackGround_Object
5
0
3
1
16
2.17399883
0.00000000
0.00000000
0.00000000
0.00000000
2.76099873
0.00000000
0.00000000
0.00000000
0.00000000
0.99999970
0.00000000
11.81102943
1.38049924
38.70881653
1.00000000
Prototype_GameObject_DecoObject
Layer_BackGround_Object
5
0
3
1
16
2.17399883
0.00000000
0.00000000
0.00000000
0.00000000
2.76099873
0.00000000
0.00000000
0.00000000
0.00000000
0.99999970
0.00000000
11.48357677
1.38049924
38.30668259
1.00000000
Prototype_GameObject_DecoObject
Layer_BackGround_Object
5
0
3
1
16
2.17399883
0.00000000
0.00000000
0.00000000
0.00000000
2.76099873
0.00000000
0.00000000
0.00000000
0.00000000
0.99999970
0.00000000
6.30777645
1.38049924
39.09120178
1.00000000
Prototype_GameObject_DecoObject
Layer_BackGround_Object
5
0
3
1
16
2.17399883
0.00000000
0.00000000
0.00000000
0.00000000
2.76099873
0.00000000
0.00000000
0.00000000
0.00000000
0.99999970
0.00000000
5.24390841
1.38049924
41.08187103
1.00000000
Prototype_GameObject_DecoObject
Layer_BackGround_Object
5
0
0
1
67
3.41299891
0.00000000
0.00000000
0.00000000
0.00000000
4.87999773
0.00000000
0.00000000
0.00000000
0.00000000
0.99999970
0.00000000
2.15657592
2.43999863
46.74316025
1.00000000
Prototype_GameObject_DecoObject
Layer_BackGround_Object
5
0
0
1
67
3.41299891
0.00000000
0.00000000
0.00000000
0.00000000
4.87999773
0.00000000
0.00000000
0.00000000
0.00000000
0.99999970
0.00000000
5.58674765
2.43999863
47.01395035
1.00000000
Prototype_GameObject_DecoObject
Layer_BackGround_Object
5
0
0
1
67
3.41299891
0.00000000
0.00000000
0.00000000
0.00000000
4.87999773
0.00000000
0.00000000
0.00000000
0.00000000
0.99999970
0.00000000
21.41691589
2.43999863
44.58979416
1.00000000
Prototype_GameObject_DecoObject
Layer_BackGround_Object
5
0
0
1
67
3.41299891
0.00000000
0.00000000
0.00000000
0.00000000
4.87999773
0.00000000
0.00000000
0.00000000
0.00000000
0.99999970
0.00000000
36.60378647
2.43999863
44.86621857
1.00000000
Prototype_GameObject_DecoObject
Layer_BackGround_Object
5
1
0
1
69
0.99999970
0.00000000
0.00000000
0.00000000
0.00000000
1.84799945
0.00000000
0.00000000
0.00000000
0.00000000
0.99999970
0.00000000
50.81917191
0.92399967
38.04723740
1.00000000
Prototype_GameObject_DecoObject
Layer_BackGround_Object
5
1
0
1
69
0.99999970
0.00000000
0.00000000
0.00000000
0.00000000
1.84799945
0.00000000
0.00000000
0.00000000
0.00000000
0.99999970
0.00000000
48.99744797
0.92399967
36.86017609
1.00000000
Prototype_GameObject_DecoObject
Layer_BackGround_Object
5
1
0
1
69
0.99999970
0.00000000
0.00000000
0.00000000
0.00000000
1.84799945
0.00000000
0.00000000
0.00000000
0.00000000
0.99999970
0.00000000
50.45222473
0.92399967
43.05989456
1.00000000
Prototype_GameObject_InteractObject
Layer_BackGround_Object
4
0
0
0
54
3.90299892
0.00000000
0.00000000
0.00000000
0.00000000
4.03199768
0.00000000
0.00000000
0.00000000
0.00000000
0.99999970
0.00000000
9.45321369
2.01599860
40.32285309
1.00000000
Prototype_GameObject_DecoObject
Layer_BackGround_Object
5
0
0
1
77
3.90299892
0.00000000
0.00000000
0.00000000
0.00000000
4.03199768
0.00000000
0.00000000
0.00000000
0.00000000
0.99999964
0.00000000
12.54437733
2.01599860
47.82251358
1.00000000
Prototype_GameObject_DecoObject
Layer_BackGround_Object
5
0
0
1
77
3.90299892
0.00000000
0.00000000
0.00000000
0.00000000
4.03199768
0.00000000
0.00000000
0.00000000
0.00000000
0.99999964
0.00000000
11.11269569
2.01599860
47.14970779
1.00000000
Prototype_GameObject_DecoObject
Layer_BackGround_Object
5
0
0
1
77
3.90299892
0.00000000
0.00000000
0.00000000
0.00000000
4.03199768
0.00000000
0.00000000
0.00000000
0.00000000
0.99999964
0.00000000
12.55306530
2.01599860
46.84842682
1.00000000
Prototype_GameObject_DecoObject
Layer_BackGround_Object
5
0
0
1
77
3.90299892
0.00000000
0.00000000
0.00000000
0.00000000
4.03199768
0.00000000
0.00000000
0.00000000
0.00000000
0.99999964
0.00000000
14.47710133
2.01599860
46.57905197
1.00000000
Prototype_GameObject_DecoObject
Layer_BackGround_Object
5
0
3
2
37
6.73899794
0.00000000
0.00000000
0.00000000
0.00000000
5.56499815
0.00000000
0.00000000
0.00000000
0.00000000
0.99999976
0.00000000
39.40273666
2.78250003
48.44208145
1.00000000
Prototype_GameObject_DecoObject
Layer_BackGround_Object
5
0
3
2
37
6.73899794
0.00000000
0.00000000
0.00000000
0.00000000
5.56499815
0.00000000
0.00000000
0.00000000
0.00000000
0.99999976
0.00000000
44.39657974
2.78250003
46.24356461
1.00000000
Prototype_GameObject_DecoObject
Layer_BackGround_Object
5
0
3
2
37
6.73899794
0.00000000
0.00000000
0.00000000
0.00000000
5.56499815
0.00000000
0.00000000
0.00000000
0.00000000
0.99999976
0.00000000
44.76838684
2.78250003
45.35507202
1.00000000
Prototype_GameObject_DecoObject
Layer_BackGround_Object
5
0
3
2
37
6.73899794
0.00000000
0.00000000
0.00000000
0.00000000
5.56499815
0.00000000
0.00000000
0.00000000
0.00000000
0.99999976
0.00000000
49.42933273
2.78250003
46.25656128
1.00000000
Prototype_GameObject_DecoObject
Layer_BackGround_Object
5
0
3
2
37
6.73899794
0.00000000
0.00000000
0.00000000
0.00000000
5.56499815
0.00000000
0.00000000
0.00000000
0.00000000
0.99999976
0.00000000
26.47683334
2.78250003
45.54188538
1.00000000
Prototype_GameObject_DecoObject
Layer_BackGround_Object
5
1
2
0
119
4.19599915
0.00000000
0.00000000
0.00000000
0.00000000
0.99999988
0.00000000
0.00000000
0.00000000
0.00000000
3.96799946
0.00000000
44.41436005
0.49999991
30.51000023
1.00000000
Prototype_GameObject_DecoObject
Layer_BackGround_Object
5
1
2
1
120
7.39099884
0.00000000
0.00000000
0.00000000
0.00000000
0.99999988
0.00000000
0.00000000
0.00000000
0.00000000
7.45699883
0.00000000
44.45070267
0.49999991
30.49754524
1.00000000
Prototype_GameObject_InteractObject
Layer_BackGround_Object
0
0
0
0
2
2.10899973
0.00000000
0.00000000
0.00000000
0.00000000
2.46799970
0.00000000
0.00000000
0.00000000
0.00000000
0.99999994
0.00000000
2.49725223
1.23399973
13.51000023
1.00000000
Prototype_GameObject_InteractObject
Layer_BackGround_Object
0
0
0
0
2
2.10899973
0.00000000
0.00000000
0.00000000
0.00000000
2.46799970
0.00000000
0.00000000
0.00000000
0.00000000
0.99999994
0.00000000
4.49453306
1.23399973
11.49906635
1.00000000
Prototype_GameObject_InteractObject
Layer_BackGround_Object
0
0
0
0
2
2.89099979
0.00000000
0.00000000
0.00000000
0.00000000
2.01099968
0.00000000
0.00000000
0.00000000
0.00000000
0.99999994
0.00000000
6.50000000
1.00549972
14.51000023
1.00000000
Prototype_GameObject_InteractObject
Layer_BackGround_Object
0
0
0
0
2
2.89099979
0.00000000
0.00000000
0.00000000
0.00000000
2.01099968
0.00000000
0.00000000
0.00000000
0.00000000
0.99999994
0.00000000
4.49475384
1.00549972
17.48901558
1.00000000
Prototype_GameObject_InteractObject
Layer_BackGround_Object
0
0
0
0
2
2.89099979
0.00000000
0.00000000
0.00000000
0.00000000
2.01099968
0.00000000
0.00000000
0.00000000
0.00000000
0.99999994
0.00000000
8.48957062
1.00549972
11.49957085
1.00000000
Prototype_GameObject_InteractObject
Layer_BackGround_Object
0
0
0
0
2
2.89099979
0.00000000
0.00000000
0.00000000
0.00000000
2.01099968
0.00000000
0.00000000
0.00000000
0.00000000
0.99999994
0.00000000
63.50000000
1.00549972
37.46951294
1.00000000
Prototype_GameObject_InteractObject
Layer_BackGround_Object
0
0
0
0
2
2.89099979
0.00000000
0.00000000
0.00000000
0.00000000
2.01099968
0.00000000
0.00000000
0.00000000
0.00000000
0.99999994
0.00000000
58.50000000
1.00549972
35.46972275
1.00000000
Prototype_GameObject_InteractObject
Layer_BackGround_Object
0
0
0
0
2
2.89099979
0.00000000
0.00000000
0.00000000
0.00000000
2.01099968
0.00000000
0.00000000
0.00000000
0.00000000
0.99999994
0.00000000
36.46016693
1.00549972
11.50004196
1.00000000
Prototype_GameObject_InteractObject
Layer_BackGround_Object
0
0
0
0
2
2.49999976
0.00000000
0.00000000
0.00000000
0.00000000
2.33699965
0.00000000
0.00000000
0.00000000
0.00000000
0.99999994
0.00000000
60.50000000
1.16849971
38.47203445
1.00000000
Prototype_GameObject_InteractObject
Layer_BackGround_Object
0
0
0
0
2
2.49999976
0.00000000
0.00000000
0.00000000
0.00000000
2.33699965
0.00000000
0.00000000
0.00000000
0.00000000
0.99999994
0.00000000
61.50000000
1.16849971
33.47220230
1.00000000
Prototype_GameObject_InteractObject
Layer_BackGround_Object
0
0
0
0
2
2.49999976
0.00000000
0.00000000
0.00000000
0.00000000
2.33699965
0.00000000
0.00000000
0.00000000
0.00000000
0.99999994
0.00000000
64.42481995
1.16849971
34.47240829
1.00000000
Prototype_GameObject_InteractObject
Layer_BackGround_Object
0
0
0
0
2
2.49999976
0.00000000
0.00000000
0.00000000
0.00000000
2.33699965
0.00000000
0.00000000
0.00000000
0.00000000
0.99999994
0.00000000
58.50000000
1.16849971
30.51000023
1.00000000
Prototype_GameObject_InteractObject
Layer_BackGround_Object
0
0
0
0
2
2.49999976
0.00000000
0.00000000
0.00000000
0.00000000
2.33699965
0.00000000
0.00000000
0.00000000
0.00000000
0.99999994
0.00000000
55.50000000
1.16849971
32.47303009
1.00000000
Prototype_GameObject_InteractObject
Layer_BackGround_Object
0
0
0
0
2
2.49999976
0.00000000
0.00000000
0.00000000
0.00000000
2.33699965
0.00000000
0.00000000
0.00000000
0.00000000
0.99999994
0.00000000
32.46417999
1.16849971
15.51000023
1.00000000
Prototype_GameObject_InteractObject
Layer_BackGround_Object
2
0
0
0
5
2.49999976
0.00000000
0.00000000
0.00000000
0.00000000
3.08699965
0.00000000
0.00000000
0.00000000
0.00000000
0.99999994
0.00000000
57.50000000
1.54349971
6.51000023
1.00000000
Prototype_GameObject_InteractObject
Layer_BackGround_Object
2
0
0
0
5
2.49999976
0.00000000
0.00000000
0.00000000
0.00000000
3.08699965
0.00000000
0.00000000
0.00000000
0.00000000
0.99999994
0.00000000
55.50000000
1.54349971
3.50999999
1.00000000
Prototype_GameObject_InteractObject
Layer_BackGround_Object
2
0
0
0
5
2.49999976
0.00000000
0.00000000
0.00000000
0.00000000
3.08699965
0.00000000
0.00000000
0.00000000
0.00000000
0.99999994
0.00000000
57.50000000
1.54349971
2.50805163
1.00000000
Prototype_GameObject_InteractObject
Layer_BackGround_Object
2
0
0
0
5
2.14099979
0.00000000
0.00000000
0.00000000
0.00000000
2.20699978
0.00000000
0.00000000
0.00000000
0.00000000
0.99999994
0.00000000
62.50000000
1.10349977
3.50999999
1.00000000
Prototype_GameObject_InteractObject
Layer_BackGround_Object
2
0
0
0
5
2.14099979
0.00000000
0.00000000
0.00000000
0.00000000
2.20699978
0.00000000
0.00000000
0.00000000
0.00000000
0.99999994
0.00000000
54.50000000
1.10349977
6.51000023
1.00000000
Prototype_GameObject_InteractObject
Layer_BackGround_Object
2
0
0
0
5
2.14099979
0.00000000
0.00000000
0.00000000
0.00000000
2.20699978
0.00000000
0.00000000
0.00000000
0.00000000
0.99999994
0.00000000
13.50000000
1.10349977
8.50500774
1.00000000
Prototype_GameObject_InteractObject
Layer_BackGround_Object
2
0
0
0
5
2.14099979
0.00000000
0.00000000
0.00000000
0.00000000
2.20699978
0.00000000
0.00000000
0.00000000
0.00000000
0.99999994
0.00000000
15.50000000
1.10349977
7.51000023
1.00000000
Prototype_GameObject_InteractObject
Layer_BackGround_Object
2
0
0
0
5
3.15199971
0.00000000
0.00000000
0.00000000
0.00000000
3.15199971
0.00000000
0.00000000
0.00000000
0.00000000
0.99999994
0.00000000
11.49532032
1.57599974
6.51000023
1.00000000
Prototype_GameObject_InteractObject
Layer_BackGround_Object
2
0
0
0
5
3.15199971
0.00000000
0.00000000
0.00000000
0.00000000
3.15199971
0.00000000
0.00000000
0.00000000
0.00000000
0.99999994
0.00000000
14.50000000
1.57599974
4.50767946
1.00000000
Prototype_GameObject_InteractObject
Layer_BackGround_Object
2
0
0
0
7
3.15199971
0.00000000
0.00000000
0.00000000
0.00000000
3.15199971
0.00000000
0.00000000
0.00000000
0.00000000
0.99999994
0.00000000
3.50000000
1.57599974
5.50783825
1.00000000
Prototype_GameObject_InteractObject
Layer_BackGround_Object
2
0
0
0
7
3.15199971
0.00000000
0.00000000
0.00000000
0.00000000
3.15199971
0.00000000
0.00000000
0.00000000
0.00000000
0.99999994
0.00000000
5.49787903
1.57599974
4.50787926
1.00000000
Prototype_GameObject_InteractObject
Layer_BackGround_Object
3
1
0
0
40
0.99999994
0.00000000
0.00000000
0.00000000
0.00000000
0.99999994
0.00000000
0.00000000
0.00000000
0.00000000
0.99999994
0.00000000
50.50000000
0.49999994
20.50665855
1.00000000
Prototype_GameObject_InteractObject
Layer_BackGround_Object
3
1
0
0
40
0.99999994
0.00000000
0.00000000
0.00000000
0.00000000
0.99999994
0.00000000
0.00000000
0.00000000
0.00000000
0.99999994
0.00000000
43.49343872
0.49999994
12.51000023
1.00000000
Prototype_GameObject_InteractObject
Layer_BackGround_Object
3
1
0
0
40
0.99999994
0.00000000
0.00000000
0.00000000
0.00000000
0.99999994
0.00000000
0.00000000
0.00000000
0.00000000
0.99999994
0.00000000
39.49357224
0.49999994
21.50678635
1.00000000
Prototype_GameObject_InteractObject
Layer_BackGround_Object
3
1
0
0
40
0.99999994
0.00000000
0.00000000
0.00000000
0.00000000
0.99999994
0.00000000
0.00000000
0.00000000
0.00000000
0.99999994
0.00000000
8.49854088
0.49999994
1.50999999
1.00000000
Prototype_GameObject_InteractObject
Layer_BackGround_Object
3
1
0
0
40
0.99999994
0.00000000
0.00000000
0.00000000
0.00000000
0.99999994
0.00000000
0.00000000
0.00000000
0.00000000
0.99999994
0.00000000
12.50000000
0.49999994
14.51000023
1.00000000
Prototype_GameObject_InteractObject
Layer_BackGround_Object
3
1
0
0
40
0.99999994
0.00000000
0.00000000
0.00000000
0.00000000
0.99999994
0.00000000
0.00000000
0.00000000
0.00000000
0.99999994
0.00000000
24.50000000
0.49999994
16.50732803
1.00000000
Prototype_GameObject_InteractObject
Layer_BackGround_Object
3
1
0
0
40
0.99999994
0.00000000
0.00000000
0.00000000
0.00000000
0.99999994
0.00000000
0.00000000
0.00000000
0.00000000
0.99999994
0.00000000
21.49737740
0.49999994
25.51000023
1.00000000
Prototype_GameObject_InteractObject
Layer_BackGround_Object
3
1
0
0
40
0.99999994
0.00000000
0.00000000
0.00000000
0.00000000
0.99999994
0.00000000
0.00000000
0.00000000
0.00000000
0.99999994
0.00000000
28.50000000
0.49999994
23.50796509
1.00000000
Prototype_GameObject_InteractObject
Layer_BackGround_Object
3
1
0
0
40
0.99999994
0.00000000
0.00000000
0.00000000
0.00000000
0.99999994
0.00000000
0.00000000
0.00000000
0.00000000
0.99999994
0.00000000
19.49826622
0.49999994
35.50653076
1.00000000
Prototype_GameObject_InteractObject
Layer_BackGround_Object
3
1
0
0
40
0.99999994
0.00000000
0.00000000
0.00000000
0.00000000
0.99999994
0.00000000
0.00000000
0.00000000
0.00000000
0.99999994
0.00000000
3.50000000
0.49999994
29.51000023
1.00000000
Prototype_GameObject_InteractObject
Layer_BackGround_Object
3
1
0
0
40
0.99999994
0.00000000
0.00000000
0.00000000
0.00000000
0.99999994
0.00000000
0.00000000
0.00000000
0.00000000
0.99999994
0.00000000
62.50000000
0.49999994
25.51000023
1.00000000
