25
20
1
33
Prototype_GameObject_DecoObject
Layer_BackGround_Object
5
0
2
1
63
1.61999989
0.00000000
0.00000000
0.00000000
0.00000000
1.71699989
0.00000000
0.00000000
0.00000000
0.00000000
0.99999994
0.00000000
1.10848045
0.85849988
0.56944251
1.00000000
Prototype_GameObject_DecoObject
Layer_BackGround_Object
5
0
2
1
61
1.61999989
0.00000000
0.00000000
0.00000000
0.00000000
1.71699989
0.00000000
0.00000000
0.00000000
0.00000000
0.99999994
0.00000000
3.05244923
0.85849988
13.42321205
1.00000000
Prototype_GameObject_DecoObject
Layer_BackGround_Object
5
0
2
1
61
1.61999989
0.00000000
0.00000000
0.00000000
0.00000000
1.71699989
0.00000000
0.00000000
0.00000000
0.00000000
0.99999994
0.00000000
22.42214584
0.85849988
0.38681030
1.00000000
Prototype_GameObject_DecoObject
Layer_BackGround_Object
5
0
2
1
71
1.61999989
0.00000000
0.00000000
0.00000000
0.00000000
1.71699989
0.00000000
0.00000000
0.00000000
0.00000000
0.99999994
0.00000000
22.30965996
0.85849988
3.07807541
1.00000000
Prototype_GameObject_DecoObject
Layer_BackGround_Object
5
0
2
2
58
3.90199971
0.00000000
0.00000000
0.00000000
0.00000000
9.99999905
0.00000000
0.00000000
0.00000000
0.00000000
0.99999994
0.00000000
-1.81901264
5.00000000
14.84812927
1.00000000
Prototype_GameObject_DecoObject
Layer_BackGround_Object
5
0
2
2
58
3.90199971
0.00000000
0.00000000
0.00000000
0.00000000
9.99999905
0.00000000
0.00000000
0.00000000
0.00000000
0.99999994
0.00000000
-1.97328329
5.00000000
9.64195633
1.00000000
Prototype_GameObject_DecoObject
Layer_BackGround_Object
5
0
2
2
58
3.90199971
0.00000000
0.00000000
0.00000000
0.00000000
9.99999905
0.00000000
0.00000000
0.00000000
0.00000000
0.99999994
0.00000000
-1.86667299
5.00000000
4.68676949
1.00000000
Prototype_GameObject_DecoObject
Layer_BackGround_Object
5
0
2
2
58
3.90199971
0.00000000
0.00000000
0.00000000
0.00000000
9.99999905
0.00000000
0.00000000
0.00000000
0.00000000
0.99999994
0.00000000
25.50957108
5.00000000
15.92447662
1.00000000
Prototype_GameObject_DecoObject
Layer_BackGround_Object
5
0
2
2
58
3.90199971
0.00000000
0.00000000
0.00000000
0.00000000
9.99999905
0.00000000
0.00000000
0.00000000
0.00000000
0.99999994
0.00000000
25.08849525
5.00000000
6.01151657
1.00000000
Prototype_GameObject_DecoObject
Layer_BackGround_Object
5
0
2
2
58
3.90199971
0.00000000
0.00000000
0.00000000
0.00000000
9.99999905
0.00000000
0.00000000
0.00000000
0.00000000
0.99999994
0.00000000
25.10702896
5.00000000
10.64093399
1.00000000
Prototype_GameObject_DecoObject
Layer_BackGround_Object
5
0
2
1
20
1.32599986
0.00000000
0.00000000
0.00000000
0.00000000
4.35899973
0.00000000
0.00000000
0.00000000
0.00000000
0.99999994
0.00000000
22.93410301
2.17949963
11.58440590
1.00000000
Prototype_GameObject_DecoObject
Layer_BackGround_Object
5
0
2
1
20
1.32599986
0.00000000
0.00000000
0.00000000
0.00000000
4.35899973
0.00000000
0.00000000
0.00000000
0.00000000
0.99999994
0.00000000
7.51367283
2.17949963
0.28947532
1.00000000
Prototype_GameObject_DecoObject
Layer_BackGround_Object
5
0
2
1
20
1.32599986
0.00000000
0.00000000
0.00000000
0.00000000
4.35899973
0.00000000
0.00000000
0.00000000
0.00000000
0.99999994
0.00000000
0.53889966
2.17949963
10.89335823
1.00000000
Prototype_GameObject_DecoObject
Layer_BackGround_Object
5
0
2
1
20
1.32599986
0.00000000
0.00000000
0.00000000
0.00000000
4.35899973
0.00000000
0.00000000
0.00000000
0.00000000
0.99999994
0.00000000
15.22655106
2.17949963
0.51625991
1.00000000
Prototype_GameObject_DecoObject
Layer_BackGround_Object
5
0
2
1
38
1.32599986
0.00000000
0.00000000
0.00000000
0.00000000
2.20699978
0.00000000
0.00000000
0.00000000
0.00000000
0.99999994
0.00000000
1.97627258
1.10349977
3.21846962
1.00000000
Prototype_GameObject_DecoObject
Layer_BackGround_Object
5
0
2
1
38
1.32599986
0.00000000
0.00000000
0.00000000
0.00000000
2.20699978
0.00000000
0.00000000
0.00000000
0.00000000
0.99999994
0.00000000
22.43123436
1.10349977
14.81367493
1.00000000
Prototype_GameObject_InteractObject
Layer_BackGround_Object
3
0
0
1
41
1.32599986
0.00000000
0.00000000
0.00000000
0.00000000
1.45699990
0.00000000
0.00000000
0.00000000
0.00000000
0.99999994
0.00000000
4.70047474
0.72849989
8.72873116
1.00000000
Prototype_GameObject_InteractObject
Layer_BackGround_Object
3
0
0
1
41
1.32599986
0.00000000
0.00000000
0.00000000
0.00000000
1.45699990
0.00000000
0.00000000
0.00000000
0.00000000
0.99999994
0.00000000
12.30885506
0.72849989
9.80086517
1.00000000
Prototype_GameObject_InteractObject
Layer_BackGround_Object
3
0
0
1
41
1.32599986
0.00000000
0.00000000
0.00000000
0.00000000
1.45699990
0.00000000
0.00000000
0.00000000
0.00000000
0.99999994
0.00000000
5.79365110
0.72849989
2.85700893
1.00000000
Prototype_GameObject_InteractObject
Layer_BackGround_Object
3
0
0
1
41
1.32599986
0.00000000
0.00000000
0.00000000
0.00000000
1.45699990
0.00000000
0.00000000
0.00000000
0.00000000
0.99999994
0.00000000
18.26796532
0.72849989
16.44387436
1.00000000
Prototype_GameObject_InteractObject
Layer_BackGround_Object
3
0
0
1
42
1.32599986
0.00000000
0.00000000
0.00000000
0.00000000
1.45699990
0.00000000
0.00000000
0.00000000
0.00000000
0.99999994
0.00000000
1.55207777
0.72849989
15.60793686
1.00000000
Prototype_GameObject_InteractObject
Layer_BackGround_Object
3
0
0
1
42
1.32599986
0.00000000
0.00000000
0.00000000
0.00000000
1.45699990
0.00000000
0.00000000
0.00000000
0.00000000
0.99999994
0.00000000
3.40609717
0.72849989
1.30682516
1.00000000
Prototype_GameObject_InteractObject
Layer_BackGround_Object
3
0
0
1
42
1.32599986
0.00000000
0.00000000
0.00000000
0.00000000
1.45699990
0.00000000
0.00000000
0.00000000
0.00000000
0.99999994
0.00000000
21.39896965
0.72849989
8.62954140
1.00000000
Prototype_GameObject_InteractObject
Layer_BackGround_Object
3
0
0
1
42
1.32599986
0.00000000
0.00000000
0.00000000
0.00000000
1.45699990
0.00000000
0.00000000
0.00000000
0.00000000
0.99999994
0.00000000
8.59530640
0.72849989
14.79705429
1.00000000
Prototype_GameObject_DecoObject
Layer_BackGround_Object
5
0
2
2
129
5.76099968
0.00000000
0.00000000
0.00000000
0.00000000
9.99999905
0.00000000
0.00000000
0.00000000
0.00000000
0.99999994
0.00000000
3.09064794
5.00000000
18.84169006
1.00000000
Prototype_GameObject_DecoObject
Layer_BackGround_Object
5
0
2
2
129
5.76099968
0.00000000
0.00000000
0.00000000
0.00000000
9.99999905
0.00000000
0.00000000
0.00000000
0.00000000
0.99999994
0.00000000
13.55989838
5.00000000
18.84169388
1.00000000
Prototype_GameObject_DecoObject
Layer_BackGround_Object
5
0
2
2
78
5.76099968
0.00000000
0.00000000
0.00000000
0.00000000
9.99999905
0.00000000
0.00000000
0.00000000
0.00000000
0.99999994
0.00000000
8.47331619
5.00000000
19.87910461
1.00000000
Prototype_GameObject_DecoObject
Layer_BackGround_Object
5
0
2
1
102
3.54299974
0.00000000
0.00000000
0.00000000
0.00000000
4.61999941
0.00000000
0.00000000
0.00000000
0.00000000
0.99999994
0.00000000
6.81221437
2.30999947
16.31735229
1.00000000
Prototype_GameObject_DecoObject
Layer_BackGround_Object
5
0
2
2
96
3.05399966
0.00000000
0.00000000
0.00000000
0.00000000
5.82599974
0.00000000
0.00000000
0.00000000
0.00000000
0.99999994
0.00000000
6.93088722
2.91300011
20.83860207
1.00000000
Prototype_GameObject_DecoObject
Layer_BackGround_Object
5
0
2
2
98
3.93399978
0.00000000
0.00000000
0.00000000
0.00000000
9.99999905
0.00000000
0.00000000
0.00000000
0.00000000
0.99999994
0.00000000
22.40505791
5.00000000
19.20587349
1.00000000
Prototype_GameObject_DecoObject
Layer_BackGround_Object
5
0
2
2
127
3.93399978
0.00000000
0.00000000
0.00000000
0.00000000
9.99999905
0.00000000
0.00000000
0.00000000
0.00000000
0.99999994
0.00000000
17.09234428
5.00000000
19.05078316
1.00000000
Prototype_GameObject_DecoObject
Layer_BackGround_Object
5
0
2
2
9
2.17299986
0.00000000
0.00000000
0.00000000
0.00000000
4.81499958
0.00000000
0.00000000
0.00000000
0.00000000
0.99999994
0.00000000
20.02232361
2.40750003
18.14173889
1.00000000
Prototype_GameObject_DecoObject
Layer_BackGround_Object
5
1
2
1
15
9.99999905
0.00000000
0.00000000
0.00000000
0.00000000
0.99999994
0.00000000
0.00000000
0.00000000
0.00000000
9.99999905
0.00000000
12.29919910
0.49999994
8.41301537
1.00000000
