28
22
0
47
Prototype_GameObject_DecoObject
Layer_BackGround_Object
5
0
3
0
1
5.98999929
0.00000000
0.00000000
0.00000000
0.00000000
6.41299963
0.00000000
0.00000000
0.00000000
0.00000000
0.99999994
0.00000000
3.50000000
3.20649958
20.32388115
1.00000000
Prototype_GameObject_DecoObject
Layer_BackGround_Object
5
0
3
0
1
5.98999929
0.00000000
0.00000000
0.00000000
0.00000000
6.41299963
0.00000000
0.00000000
0.00000000
0.00000000
0.99999994
0.00000000
23.31441498
3.20649958
20.32441521
1.00000000
Prototype_GameObject_DecoObject
Layer_BackGround_Object
5
0
3
0
1
5.98999929
0.00000000
0.00000000
0.00000000
0.00000000
6.41299963
0.00000000
0.00000000
0.00000000
0.00000000
0.99999994
0.00000000
13.50000000
3.20649958
20.32485580
1.00000000
Prototype_GameObject_DecoObject
Layer_BackGround_Object
5
0
0
2
2
9.99999905
0.00000000
0.00000000
0.00000000
0.00000000
9.99999905
0.00000000
0.00000000
0.00000000
0.00000000
0.99999994
0.00000000
1.00166607
5.00000000
22.03303528
1.00000000
Prototype_GameObject_DecoObject
Layer_BackGround_Object
5
0
0
2
2
9.99999905
0.00000000
0.00000000
0.00000000
0.00000000
9.99999905
0.00000000
0.00000000
0.00000000
0.00000000
0.99999994
0.00000000
9.77307034
5.00000000
22.40610504
1.00000000
Prototype_GameObject_DecoObject
Layer_BackGround_Object
5
0
0
2
2
9.99999905
0.00000000
0.00000000
0.00000000
0.00000000
9.99999905
0.00000000
0.00000000
0.00000000
0.00000000
0.99999994
0.00000000
18.21498108
5.00000000
27.00184250
1.00000000
Prototype_GameObject_DecoObject
Layer_BackGround_Object
5
0
0
2
2
9.99999905
0.00000000
0.00000000
0.00000000
0.00000000
9.99999905
0.00000000
0.00000000
0.00000000
0.00000000
0.99999994
0.00000000
5.29297924
5.00000000
32.44800568
1.00000000
Prototype_GameObject_DecoObject
Layer_BackGround_Object
5
0
0
2
2
9.99999905
0.00000000
0.00000000
0.00000000
0.00000000
9.99999905
0.00000000
0.00000000
0.00000000
0.00000000
0.99999994
0.00000000
-9.69610310
5.00000000
22.76837540
1.00000000
Prototype_GameObject_DecoObject
Layer_BackGround_Object
5
0
0
2
2
9.99999905
0.00000000
0.00000000
0.00000000
0.00000000
9.99999905
0.00000000
0.00000000
0.00000000
0.00000000
0.99999994
0.00000000
32.43346024
5.00000000
35.12662506
1.00000000
Prototype_GameObject_DecoObject
Layer_BackGround_Object
5
0
0
2
2
9.99999905
0.00000000
0.00000000
0.00000000
0.00000000
9.99999905
0.00000000
0.00000000
0.00000000
0.00000000
0.99999994
0.00000000
33.87344360
5.00000000
23.28220177
1.00000000
Prototype_GameObject_DecoObject
Layer_BackGround_Object
5
0
0
2
2
9.99999905
0.00000000
0.00000000
0.00000000
0.00000000
9.99999905
0.00000000
0.00000000
0.00000000
0.00000000
0.99999994
0.00000000
-5.47866344
5.00000000
8.67236328
1.00000000
Prototype_GameObject_DecoObject
Layer_BackGround_Object
5
0
0
2
2
9.99999905
0.00000000
0.00000000
0.00000000
0.00000000
9.99999905
0.00000000
0.00000000
0.00000000
0.00000000
0.99999994
0.00000000
-7.08188248
5.00000000
0.57327652
1.00000000
Prototype_GameObject_DecoObject
Layer_BackGround_Object
5
0
0
2
2
9.99999905
0.00000000
0.00000000
0.00000000
0.00000000
9.99999905
0.00000000
0.00000000
0.00000000
0.00000000
0.99999994
0.00000000
33.19161224
5.00000000
1.35833931
1.00000000
Prototype_GameObject_DecoObject
Layer_BackGround_Object
5
0
0
2
2
9.99999905
0.00000000
0.00000000
0.00000000
0.00000000
9.99999905
0.00000000
0.00000000
0.00000000
0.00000000
0.99999994
0.00000000
33.18903351
5.00000000
13.51357841
1.00000000
Prototype_GameObject_DecoObject
Layer_BackGround_Object
5
0
0
2
2
9.99999905
0.00000000
0.00000000
0.00000000
0.00000000
9.99999905
0.00000000
0.00000000
0.00000000
0.00000000
0.99999994
0.00000000
38.21231079
5.00000000
8.61346245
1.00000000
Prototype_GameObject_DecoObject
Layer_BackGround_Object
5
0
0
2
2
9.99999905
0.00000000
0.00000000
0.00000000
0.00000000
9.99999905
0.00000000
0.00000000
0.00000000
0.00000000
0.99999994
0.00000000
32.73391724
5.00000000
5.12758064
1.00000000
Prototype_GameObject_DecoObject
Layer_BackGround_Object
5
0
0
2
2
9.99999905
0.00000000
0.00000000
0.00000000
0.00000000
9.99999905
0.00000000
0.00000000
0.00000000
0.00000000
0.99999994
0.00000000
-11.19943619
5.00000000
16.97323799
1.00000000
Prototype_GameObject_DecoObject
Layer_BackGround_Object
5
0
0
2
2
9.99999905
0.00000000
0.00000000
0.00000000
0.00000000
9.99999905
0.00000000
0.00000000
0.00000000
0.00000000
0.99999994
0.00000000
25.47228813
5.00000000
23.30678940
1.00000000
Prototype_GameObject_DecoObject
Layer_BackGround_Object
5
0
0
2
2
9.99999905
0.00000000
0.00000000
0.00000000
0.00000000
9.99999905
0.00000000
0.00000000
0.00000000
0.00000000
0.99999994
0.00000000
-22.15666580
5.00000000
173.67144775
1.00000000
Prototype_GameObject_DecoObject
Layer_BackGround_Object
5
0
0
2
2
9.99999905
0.00000000
0.00000000
0.00000000
0.00000000
9.99999905
0.00000000
0.00000000
0.00000000
0.00000000
0.99999994
0.00000000
-6.40661716
5.00000000
-3.01951790
1.00000000
Prototype_GameObject_DecoObject
Layer_BackGround_Object
5
0
0
2
10
9.99999905
0.00000000
0.00000000
0.00000000
0.00000000
6.70699930
0.00000000
0.00000000
0.00000000
0.00000000
0.99999994
0.00000000
-10.14503860
3.35349989
5.84671211
1.00000000
Prototype_GameObject_DecoObject
Layer_BackGround_Object
5
0
2
2
46
2.72799969
0.00000000
0.00000000
0.00000000
0.00000000
2.46799970
0.00000000
0.00000000
0.00000000
0.00000000
0.99999994
0.00000000
-7.68838501
1.23399997
18.35122490
1.00000000
Prototype_GameObject_DecoObject
Layer_BackGround_Object
5
0
2
2
59
2.72799969
0.00000000
0.00000000
0.00000000
0.00000000
2.46799970
0.00000000
0.00000000
0.00000000
0.00000000
0.99999994
0.00000000
21.12440109
1.23399997
10.53246307
1.00000000
Prototype_GameObject_DecoObject
Layer_BackGround_Object
5
0
2
2
59
2.72799969
0.00000000
0.00000000
0.00000000
0.00000000
2.46799970
0.00000000
0.00000000
0.00000000
0.00000000
0.99999994
0.00000000
-16.80138016
1.23399997
2.82317924
1.00000000
Prototype_GameObject_DecoObject
Layer_BackGround_Object
5
0
2
2
60
2.72799969
0.00000000
0.00000000
0.00000000
0.00000000
2.46799970
0.00000000
0.00000000
0.00000000
0.00000000
0.99999994
0.00000000
6.69205046
1.23399997
5.11678505
1.00000000
Prototype_GameObject_DecoObject
Layer_BackGround_Object
5
0
2
2
60
2.72799969
0.00000000
0.00000000
0.00000000
0.00000000
2.46799970
0.00000000
0.00000000
0.00000000
0.00000000
0.99999994
0.00000000
-18.48604584
1.23399997
-0.42693710
1.00000000
Prototype_GameObject_DecoObject
Layer_BackGround_Object
5
0
2
2
73
2.72799969
0.00000000
0.00000000
0.00000000
0.00000000
2.46799970
0.00000000
0.00000000
0.00000000
0.00000000
0.99999994
0.00000000
-29.85938644
1.23399997
10.18648720
1.00000000
Prototype_GameObject_DecoObject
Layer_BackGround_Object
5
0
2
2
73
2.72799969
0.00000000
0.00000000
0.00000000
0.00000000
2.46799970
0.00000000
0.00000000
0.00000000
0.00000000
0.99999994
0.00000000
-21.56094551
1.23399997
6.34052277
1.00000000
Prototype_GameObject_DecoObject
Layer_BackGround_Object
5
0
2
2
73
2.72799969
0.00000000
0.00000000
0.00000000
0.00000000
2.46799970
0.00000000
0.00000000
0.00000000
0.00000000
0.99999994
0.00000000
-18.88174057
1.23399997
-19.54924011
1.00000000
Prototype_GameObject_DecoObject
Layer_BackGround_Object
5
0
2
0
73
2.72799969
0.00000000
0.00000000
0.00000000
0.00000000
2.46799970
0.00000000
0.00000000
0.00000000
0.00000000
0.99999994
0.00000000
0.49999997
1.23399973
1.50999999
1.00000000
Prototype_GameObject_DecoObject
Layer_BackGround_Object
5
0
2
0
73
2.72799969
0.00000000
0.00000000
0.00000000
0.00000000
2.46799970
0.00000000
0.00000000
0.00000000
0.00000000
0.99999994
0.00000000
26.50000000
1.23399973
1.50999999
1.00000000
Prototype_GameObject_DecoObject
Layer_BackGround_Object
5
0
2
0
73
2.72799969
0.00000000
0.00000000
0.00000000
0.00000000
2.46799970
0.00000000
0.00000000
0.00000000
0.00000000
0.99999994
0.00000000
26.50000000
1.23399973
6.51000023
1.00000000
Prototype_GameObject_DecoObject
Layer_BackGround_Object
5
0
2
0
73
2.72799969
0.00000000
0.00000000
0.00000000
0.00000000
2.46799970
0.00000000
0.00000000
0.00000000
0.00000000
0.99999994
0.00000000
26.50000000
1.23399973
11.46940899
1.00000000
Prototype_GameObject_DecoObject
Layer_BackGround_Object
5
0
2
0
73
2.72799969
0.00000000
0.00000000
0.00000000
0.00000000
2.46799970
0.00000000
0.00000000
0.00000000
0.00000000
0.99999994
0.00000000
26.50000000
1.23399973
16.42917442
1.00000000
Prototype_GameObject_DecoObject
Layer_BackGround_Object
5
0
2
0
73
2.72799969
0.00000000
0.00000000
0.00000000
0.00000000
2.46799970
0.00000000
0.00000000
0.00000000
0.00000000
0.99999994
0.00000000
0.49999997
1.23399973
6.51000023
1.00000000
Prototype_GameObject_DecoObject
Layer_BackGround_Object
5
0
2
0
73
2.72799969
0.00000000
0.00000000
0.00000000
0.00000000
2.46799970
0.00000000
0.00000000
0.00000000
0.00000000
0.99999994
0.00000000
0.49999997
1.23399973
11.47045612
1.00000000
Prototype_GameObject_DecoObject
Layer_BackGround_Object
5
0
2
0
73
2.72799969
0.00000000
0.00000000
0.00000000
0.00000000
2.46799970
0.00000000
0.00000000
0.00000000
0.00000000
0.99999994
0.00000000
0.49999997
1.23399973
16.43166351
1.00000000
Prototype_GameObject_InteractObject
Layer_BackGround_Object
3
0
0
0
26
1.42399991
0.00000000
0.00000000
0.00000000
0.00000000
1.42499983
0.00000000
0.00000000
0.00000000
0.00000000
0.99999994
0.00000000
8.46402550
0.71249986
4.49201298
1.00000000
Prototype_GameObject_InteractObject
Layer_BackGround_Object
3
0
0
0
25
1.42399991
0.00000000
0.00000000
0.00000000
0.00000000
1.42499983
0.00000000
0.00000000
0.00000000
0.00000000
0.99999994
0.00000000
5.48231077
0.71249986
3.50999999
1.00000000
Prototype_GameObject_InteractObject
Layer_BackGround_Object
3
0
0
0
27
1.42399991
0.00000000
0.00000000
0.00000000
0.00000000
1.42499983
0.00000000
0.00000000
0.00000000
0.00000000
0.99999994
0.00000000
19.43047905
0.71249986
11.47523975
1.00000000
Prototype_GameObject_InteractObject
Layer_BackGround_Object
3
0
0
0
28
2.04399967
0.00000000
0.00000000
0.00000000
0.00000000
2.14199972
0.00000000
0.00000000
0.00000000
0.00000000
0.99999994
0.00000000
4.48298454
1.07099974
6.51000023
1.00000000
Prototype_GameObject_InteractObject
Layer_BackGround_Object
3
0
0
0
28
2.04399967
0.00000000
0.00000000
0.00000000
0.00000000
2.14199972
0.00000000
0.00000000
0.00000000
0.00000000
0.99999994
0.00000000
23.43209839
1.07099974
12.51000023
1.00000000
Prototype_GameObject_InteractObject
Layer_BackGround_Object
0
0
0
0
2
3.25099969
0.00000000
0.00000000
0.00000000
0.00000000
3.86999965
0.00000000
0.00000000
0.00000000
0.00000000
0.99999994
0.00000000
8.46705818
1.93499970
15.51000023
1.00000000
Prototype_GameObject_InteractObject
Layer_BackGround_Object
3
0
0
0
35
2.63099980
0.00000000
0.00000000
0.00000000
0.00000000
3.15299988
0.00000000
0.00000000
0.00000000
0.00000000
0.99999994
0.00000000
9.46845436
1.57649982
14.51000023
1.00000000
Prototype_GameObject_InteractObject
Layer_BackGround_Object
3
0
0
0
33
2.63099980
0.00000000
0.00000000
0.00000000
0.00000000
3.15299988
0.00000000
0.00000000
0.00000000
0.00000000
0.99999994
0.00000000
7.50000000
1.57649982
17.44834137
1.00000000
Prototype_GameObject_DecoObject
Layer_BackGround_Object
5
1
2
0
119
8.79299927
0.00000000
0.00000000
0.00000000
0.00000000
0.99999994
0.00000000
0.00000000
0.00000000
0.00000000
8.79299927
0.00000000
13.50000000
0.49999994
8.50372887
1.00000000
Prototype_GameObject_DecoObject
Layer_BackGround_Object
5
0
2
1
103
3.21699977
0.00000000
0.00000000
0.00000000
0.00000000
4.55399942
0.00000000
0.00000000
0.00000000
0.00000000
0.99999994
0.00000000
13.48875427
2.27699947
8.33783817
1.00000000
