30
30
1
88
Prototype_GameObject_DecoObject
Layer_BackGround_Object
5
0
3
2
16
9.99999905
0.00000000
0.00000000
0.00000000
0.00000000
9.99999905
0.00000000
0.00000000
0.00000000
0.00000000
0.99999994
0.00000000
-1.34465325
5.00000000
24.05616188
1.00000000
Prototype_GameObject_DecoObject
Layer_BackGround_Object
5
0
3
2
16
9.99999905
0.00000000
0.00000000
0.00000000
0.00000000
9.99999905
0.00000000
0.00000000
0.00000000
0.00000000
0.99999994
0.00000000
-2.80403137
5.00000000
22.18939590
1.00000000
Prototype_GameObject_DecoObject
Layer_BackGround_Object
5
0
3
2
16
9.99999905
0.00000000
0.00000000
0.00000000
0.00000000
9.99999905
0.00000000
0.00000000
0.00000000
0.00000000
0.99999994
0.00000000
-1.14231169
5.00000000
19.29260445
1.00000000
Prototype_GameObject_DecoObject
Layer_BackGround_Object
5
0
3
2
16
9.99999905
0.00000000
0.00000000
0.00000000
0.00000000
9.99999905
0.00000000
0.00000000
0.00000000
0.00000000
0.99999994
0.00000000
-2.77589512
5.00000000
17.24699211
1.00000000
Prototype_GameObject_DecoObject
Layer_BackGround_Object
5
0
3
2
16
9.99999905
0.00000000
0.00000000
0.00000000
0.00000000
9.99999905
0.00000000
0.00000000
0.00000000
0.00000000
0.99999994
0.00000000
-1.17324960
5.00000000
15.25971222
1.00000000
Prototype_GameObject_DecoObject
Layer_BackGround_Object
5
0
3
2
16
9.99999905
0.00000000
0.00000000
0.00000000
0.00000000
9.99999905
0.00000000
0.00000000
0.00000000
0.00000000
0.99999994
0.00000000
-2.66307259
5.00000000
13.76906204
1.00000000
Prototype_GameObject_DecoObject
Layer_BackGround_Object
5
0
3
2
16
9.99999905
0.00000000
0.00000000
0.00000000
0.00000000
9.99999905
0.00000000
0.00000000
0.00000000
0.00000000
0.99999994
0.00000000
-1.14057910
5.00000000
10.67650890
1.00000000
Prototype_GameObject_DecoObject
Layer_BackGround_Object
5
0
3
2
16
9.99999905
0.00000000
0.00000000
0.00000000
0.00000000
9.99999905
0.00000000
0.00000000
0.00000000
0.00000000
0.99999994
0.00000000
-2.44579554
5.00000000
10.18532276
1.00000000
Prototype_GameObject_DecoObject
Layer_BackGround_Object
5
0
3
2
16
9.99999905
0.00000000
0.00000000
0.00000000
0.00000000
9.99999905
0.00000000
0.00000000
0.00000000
0.00000000
0.99999994
0.00000000
-1.13889241
5.00000000
7.11944246
1.00000000
Prototype_GameObject_DecoObject
Layer_BackGround_Object
5
0
3
2
16
9.99999905
0.00000000
0.00000000
0.00000000
0.00000000
9.99999905
0.00000000
0.00000000
0.00000000
0.00000000
0.99999994
0.00000000
-2.29335237
5.00000000
6.12765169
1.00000000
Prototype_GameObject_DecoObject
Layer_BackGround_Object
5
0
3
2
16
9.99999905
0.00000000
0.00000000
0.00000000
0.00000000
9.99999905
0.00000000
0.00000000
0.00000000
0.00000000
0.99999994
0.00000000
-1.22417736
5.00000000
4.83875799
1.00000000
Prototype_GameObject_DecoObject
Layer_BackGround_Object
5
0
3
2
16
9.99999905
0.00000000
0.00000000
0.00000000
0.00000000
9.99999905
0.00000000
0.00000000
0.00000000
0.00000000
0.99999994
0.00000000
29.99800110
5.00000000
25.87047195
1.00000000
Prototype_GameObject_DecoObject
Layer_BackGround_Object
5
0
3
2
16
9.99999905
0.00000000
0.00000000
0.00000000
0.00000000
9.99999905
0.00000000
0.00000000
0.00000000
0.00000000
0.99999994
0.00000000
31.77973747
5.00000000
24.87829208
1.00000000
Prototype_GameObject_DecoObject
Layer_BackGround_Object
5
0
3
2
16
9.99999905
0.00000000
0.00000000
0.00000000
0.00000000
9.99999905
0.00000000
0.00000000
0.00000000
0.00000000
0.99999994
0.00000000
30.28964233
5.00000000
22.55512238
1.00000000
Prototype_GameObject_DecoObject
Layer_BackGround_Object
5
0
3
2
16
9.99999905
0.00000000
0.00000000
0.00000000
0.00000000
9.99999905
0.00000000
0.00000000
0.00000000
0.00000000
0.99999994
0.00000000
32.27071762
5.00000000
19.55509949
1.00000000
Prototype_GameObject_DecoObject
Layer_BackGround_Object
5
0
3
2
16
9.99999905
0.00000000
0.00000000
0.00000000
0.00000000
9.99999905
0.00000000
0.00000000
0.00000000
0.00000000
0.99999994
0.00000000
30.28448677
5.00000000
19.30413055
1.00000000
Prototype_GameObject_DecoObject
Layer_BackGround_Object
5
0
3
2
16
9.99999905
0.00000000
0.00000000
0.00000000
0.00000000
9.99999905
0.00000000
0.00000000
0.00000000
0.00000000
0.99999994
0.00000000
31.58750534
5.00000000
14.97235966
1.00000000
Prototype_GameObject_DecoObject
Layer_BackGround_Object
5
0
3
2
16
9.99999905
0.00000000
0.00000000
0.00000000
0.00000000
9.99999905
0.00000000
0.00000000
0.00000000
0.00000000
0.99999994
0.00000000
30.16570663
5.00000000
16.37042236
1.00000000
Prototype_GameObject_DecoObject
Layer_BackGround_Object
5
0
3
2
16
9.99999905
0.00000000
0.00000000
0.00000000
0.00000000
9.99999905
0.00000000
0.00000000
0.00000000
0.00000000
0.99999994
0.00000000
30.88783073
5.00000000
11.69846821
1.00000000
Prototype_GameObject_DecoObject
Layer_BackGround_Object
5
0
3
2
16
9.99999905
0.00000000
0.00000000
0.00000000
0.00000000
9.99999905
0.00000000
0.00000000
0.00000000
0.00000000
0.99999994
0.00000000
29.78022957
5.00000000
9.50067425
1.00000000
Prototype_GameObject_DecoObject
Layer_BackGround_Object
5
0
3
2
16
9.99999905
0.00000000
0.00000000
0.00000000
0.00000000
9.99999905
0.00000000
0.00000000
0.00000000
0.00000000
0.99999994
0.00000000
31.71952057
5.00000000
8.72318935
1.00000000
Prototype_GameObject_DecoObject
Layer_BackGround_Object
5
0
3
2
16
9.99999905
0.00000000
0.00000000
0.00000000
0.00000000
9.99999905
0.00000000
0.00000000
0.00000000
0.00000000
0.99999994
0.00000000
29.90293121
5.00000000
6.92213726
1.00000000
Prototype_GameObject_DecoObject
Layer_BackGround_Object
5
0
3
2
16
9.99999905
0.00000000
0.00000000
0.00000000
0.00000000
9.99999905
0.00000000
0.00000000
0.00000000
0.00000000
0.99999994
0.00000000
31.17913437
5.00000000
5.43747425
1.00000000
Prototype_GameObject_DecoObject
Layer_BackGround_Object
5
0
2
2
26
2.62999988
0.00000000
0.00000000
0.00000000
0.00000000
5.14099932
0.00000000
0.00000000
0.00000000
0.00000000
0.99999994
0.00000000
0.51912022
2.57049990
29.00453568
1.00000000
Prototype_GameObject_DecoObject
Layer_BackGround_Object
5
0
2
2
26
2.62999988
0.00000000
0.00000000
0.00000000
0.00000000
5.14099932
0.00000000
0.00000000
0.00000000
0.00000000
0.99999994
0.00000000
28.35868263
2.57049990
29.67220879
1.00000000
Prototype_GameObject_DecoObject
Layer_BackGround_Object
5
0
2
2
3
1.94499993
0.00000000
0.00000000
0.00000000
0.00000000
2.23899984
0.00000000
0.00000000
0.00000000
0.00000000
0.99999994
0.00000000
2.76895618
1.11950004
26.82223129
1.00000000
Prototype_GameObject_DecoObject
Layer_BackGround_Object
5
0
2
2
3
1.94499993
0.00000000
0.00000000
0.00000000
0.00000000
2.23899984
0.00000000
0.00000000
0.00000000
0.00000000
0.99999994
0.00000000
1.14903092
1.11950004
27.15565491
1.00000000
Prototype_GameObject_DecoObject
Layer_BackGround_Object
5
0
2
2
3
1.94499993
0.00000000
0.00000000
0.00000000
0.00000000
2.23899984
0.00000000
0.00000000
0.00000000
0.00000000
0.99999994
0.00000000
1.37434852
1.11950004
25.97509766
1.00000000
Prototype_GameObject_DecoObject
Layer_BackGround_Object
5
0
2
2
3
1.94499993
0.00000000
0.00000000
0.00000000
0.00000000
2.23899984
0.00000000
0.00000000
0.00000000
0.00000000
0.99999994
0.00000000
1.29506207
1.11950004
24.79683113
1.00000000
Prototype_GameObject_DecoObject
Layer_BackGround_Object
5
0
2
2
3
1.94499993
0.00000000
0.00000000
0.00000000
0.00000000
2.23899984
0.00000000
0.00000000
0.00000000
0.00000000
0.99999994
0.00000000
3.05779696
1.11950004
25.23262787
1.00000000
Prototype_GameObject_DecoObject
Layer_BackGround_Object
5
0
2
2
3
1.94499993
0.00000000
0.00000000
0.00000000
0.00000000
2.23899984
0.00000000
0.00000000
0.00000000
0.00000000
0.99999994
0.00000000
26.19484329
1.11950004
26.79522705
1.00000000
Prototype_GameObject_DecoObject
Layer_BackGround_Object
5
0
2
2
3
1.94499993
0.00000000
0.00000000
0.00000000
0.00000000
2.23899984
0.00000000
0.00000000
0.00000000
0.00000000
0.99999994
0.00000000
27.22325897
1.11950004
25.63751602
1.00000000
Prototype_GameObject_DecoObject
Layer_BackGround_Object
5
0
2
2
3
1.94499993
0.00000000
0.00000000
0.00000000
0.00000000
2.23899984
0.00000000
0.00000000
0.00000000
0.00000000
0.99999994
0.00000000
24.41856766
1.11950004
26.91790771
1.00000000
Prototype_GameObject_DecoObject
Layer_BackGround_Object
5
0
2
2
3
1.94499993
0.00000000
0.00000000
0.00000000
0.00000000
2.23899984
0.00000000
0.00000000
0.00000000
0.00000000
0.99999994
0.00000000
24.95405388
1.11950004
24.62011528
1.00000000
Prototype_GameObject_DecoObject
Layer_BackGround_Object
5
0
2
2
3
1.94499993
0.00000000
0.00000000
0.00000000
0.00000000
2.23899984
0.00000000
0.00000000
0.00000000
0.00000000
0.99999994
0.00000000
24.71677780
1.11950004
25.96372604
1.00000000
Prototype_GameObject_DecoObject
Layer_BackGround_Object
5
0
2
2
3
1.94499993
0.00000000
0.00000000
0.00000000
0.00000000
2.23899984
0.00000000
0.00000000
0.00000000
0.00000000
0.99999994
0.00000000
26.32395935
1.11950004
24.97295761
1.00000000
Prototype_GameObject_DecoObject
Layer_BackGround_Object
5
0
2
2
36
1.94499993
0.00000000
0.00000000
0.00000000
0.00000000
2.23899984
0.00000000
0.00000000
0.00000000
0.00000000
0.99999994
0.00000000
7.56629944
1.11950004
23.00046921
1.00000000
Prototype_GameObject_DecoObject
Layer_BackGround_Object
5
0
2
2
20
3.18499970
0.00000000
0.00000000
0.00000000
0.00000000
9.99999905
0.00000000
0.00000000
0.00000000
0.00000000
0.99999994
0.00000000
2.42596579
5.00000000
30.24125671
1.00000000
Prototype_GameObject_DecoObject
Layer_BackGround_Object
5
0
2
2
20
3.18499970
0.00000000
0.00000000
0.00000000
0.00000000
9.99999905
0.00000000
0.00000000
0.00000000
0.00000000
0.99999994
0.00000000
4.53085709
5.00000000
31.49054909
1.00000000
Prototype_GameObject_DecoObject
Layer_BackGround_Object
5
0
2
2
20
3.18499970
0.00000000
0.00000000
0.00000000
0.00000000
9.99999905
0.00000000
0.00000000
0.00000000
0.00000000
0.99999994
0.00000000
9.73984909
5.00000000
30.97509384
1.00000000
Prototype_GameObject_DecoObject
Layer_BackGround_Object
5
0
2
2
20
3.18499970
0.00000000
0.00000000
0.00000000
0.00000000
9.99999905
0.00000000
0.00000000
0.00000000
0.00000000
0.99999994
0.00000000
7.05481720
5.00000000
31.59700775
1.00000000
Prototype_GameObject_DecoObject
Layer_BackGround_Object
5
0
2
2
20
3.18499970
0.00000000
0.00000000
0.00000000
0.00000000
9.99999905
0.00000000
0.00000000
0.00000000
0.00000000
0.99999994
0.00000000
6.62538242
5.00000000
29.13492584
1.00000000
Prototype_GameObject_DecoObject
Layer_BackGround_Object
5
0
2
2
20
3.18499970
0.00000000
0.00000000
0.00000000
0.00000000
9.99999905
0.00000000
0.00000000
0.00000000
0.00000000
0.99999994
0.00000000
12.28116417
5.00000000
29.41654205
1.00000000
Prototype_GameObject_DecoObject
Layer_BackGround_Object
5
0
2
2
20
3.18499970
0.00000000
0.00000000
0.00000000
0.00000000
9.99999905
0.00000000
0.00000000
0.00000000
0.00000000
0.99999994
0.00000000
13.54324150
5.00000000
31.50815582
1.00000000
Prototype_GameObject_DecoObject
Layer_BackGround_Object
5
0
2
2
20
3.18499970
0.00000000
0.00000000
0.00000000
0.00000000
9.99999905
0.00000000
0.00000000
0.00000000
0.00000000
0.99999994
0.00000000
15.63193226
5.00000000
30.25288010
1.00000000
Prototype_GameObject_DecoObject
Layer_BackGround_Object
5
0
2
2
20
3.18499970
0.00000000
0.00000000
0.00000000
0.00000000
9.99999905
0.00000000
0.00000000
0.00000000
0.00000000
0.99999994
0.00000000
17.98214912
5.00000000
32.30253601
1.00000000
Prototype_GameObject_DecoObject
Layer_BackGround_Object
5
0
2
2
20
3.18499970
0.00000000
0.00000000
0.00000000
0.00000000
9.99999905
0.00000000
0.00000000
0.00000000
0.00000000
0.99999994
0.00000000
20.62590790
5.00000000
29.34832001
1.00000000
Prototype_GameObject_DecoObject
Layer_BackGround_Object
5
0
2
2
20
3.18499970
0.00000000
0.00000000
0.00000000
0.00000000
9.99999905
0.00000000
0.00000000
0.00000000
0.00000000
0.99999994
0.00000000
20.58884048
5.00000000
33.38113403
1.00000000
Prototype_GameObject_DecoObject
Layer_BackGround_Object
5
0
2
2
20
3.18499970
0.00000000
0.00000000
0.00000000
0.00000000
9.99999905
0.00000000
0.00000000
0.00000000
0.00000000
0.99999994
0.00000000
18.64494896
5.00000000
30.16837311
1.00000000
Prototype_GameObject_DecoObject
Layer_BackGround_Object
5
0
2
2
20
3.18499970
0.00000000
0.00000000
0.00000000
0.00000000
9.99999905
0.00000000
0.00000000
0.00000000
0.00000000
0.99999994
0.00000000
17.45987320
5.00000000
29.44791031
1.00000000
Prototype_GameObject_DecoObject
Layer_BackGround_Object
5
0
2
2
20
3.18499970
0.00000000
0.00000000
0.00000000
0.00000000
9.99999905
0.00000000
0.00000000
0.00000000
0.00000000
0.99999994
0.00000000
23.24098206
5.00000000
31.08960533
1.00000000
Prototype_GameObject_DecoObject
Layer_BackGround_Object
5
0
2
2
20
3.18499970
0.00000000
0.00000000
0.00000000
0.00000000
9.99999905
0.00000000
0.00000000
0.00000000
0.00000000
0.99999994
0.00000000
23.32541084
5.00000000
29.28534126
1.00000000
Prototype_GameObject_DecoObject
Layer_BackGround_Object
5
0
2
2
20
3.18499970
0.00000000
0.00000000
0.00000000
0.00000000
9.99999905
0.00000000
0.00000000
0.00000000
0.00000000
0.99999994
0.00000000
25.64421272
5.00000000
31.48137474
1.00000000
Prototype_GameObject_DecoObject
Layer_BackGround_Object
5
0
2
2
20
3.18499970
0.00000000
0.00000000
0.00000000
0.00000000
9.99999905
0.00000000
0.00000000
0.00000000
0.00000000
0.99999994
0.00000000
26.72483063
5.00000000
29.59088898
1.00000000
Prototype_GameObject_DecoObject
Layer_BackGround_Object
5
0
2
2
20
3.18499970
0.00000000
0.00000000
0.00000000
0.00000000
9.99999905
0.00000000
0.00000000
0.00000000
0.00000000
0.99999994
0.00000000
8.48132992
5.00000000
29.25537491
1.00000000
Prototype_GameObject_DecoObject
Layer_BackGround_Object
5
0
2
0
5
3.90199971
0.00000000
0.00000000
0.00000000
0.00000000
5.04299974
0.00000000
0.00000000
0.00000000
0.00000000
0.99999994
0.00000000
4.49696922
2.52149963
2.50848460
1.00000000
Prototype_GameObject_DecoObject
Layer_BackGround_Object
5
0
2
1
0
1.16299987
0.00000000
0.00000000
0.00000000
0.00000000
1.09799993
0.00000000
0.00000000
0.00000000
0.00000000
0.99999994
0.00000000
26.23321915
0.54899991
4.38868523
1.00000000
Prototype_GameObject_DecoObject
Layer_BackGround_Object
5
0
2
1
0
1.16299987
0.00000000
0.00000000
0.00000000
0.00000000
1.09799993
0.00000000
0.00000000
0.00000000
0.00000000
0.99999994
0.00000000
26.49893570
0.54899991
4.93272686
1.00000000
Prototype_GameObject_DecoObject
Layer_BackGround_Object
5
0
2
1
0
1.16299987
0.00000000
0.00000000
0.00000000
0.00000000
1.09799993
0.00000000
0.00000000
0.00000000
0.00000000
0.99999994
0.00000000
25.55863190
0.54899991
4.81545925
1.00000000
Prototype_GameObject_DecoObject
Layer_BackGround_Object
5
0
2
1
0
1.16299987
0.00000000
0.00000000
0.00000000
0.00000000
1.09799993
0.00000000
0.00000000
0.00000000
0.00000000
0.99999994
0.00000000
25.62867355
0.54899991
4.19027185
1.00000000
Prototype_GameObject_DecoObject
Layer_BackGround_Object
5
0
2
1
0
1.16299987
0.00000000
0.00000000
0.00000000
0.00000000
1.09799993
0.00000000
0.00000000
0.00000000
0.00000000
0.99999994
0.00000000
6.87795639
0.54899991
10.91613293
1.00000000
Prototype_GameObject_DecoObject
Layer_BackGround_Object
5
0
2
1
0
1.16299987
0.00000000
0.00000000
0.00000000
0.00000000
1.09799993
0.00000000
0.00000000
0.00000000
0.00000000
0.99999994
0.00000000
8.52265072
0.54899991
4.61159039
1.00000000
Prototype_GameObject_DecoObject
Layer_BackGround_Object
5
0
2
1
0
1.16299987
0.00000000
0.00000000
0.00000000
0.00000000
1.09799993
0.00000000
0.00000000
0.00000000
0.00000000
0.99999994
0.00000000
19.40874100
0.54899991
2.99398470
1.00000000
Prototype_GameObject_DecoObject
Layer_BackGround_Object
5
0
2
1
1
1.16299987
0.00000000
0.00000000
0.00000000
0.00000000
1.09799993
0.00000000
0.00000000
0.00000000
0.00000000
0.99999994
0.00000000
18.14245033
0.54899991
0.98897934
1.00000000
Prototype_GameObject_DecoObject
Layer_BackGround_Object
5
0
2
1
1
1.16299987
0.00000000
0.00000000
0.00000000
0.00000000
1.09799993
0.00000000
0.00000000
0.00000000
0.00000000
0.99999994
0.00000000
18.42878914
0.54899991
1.56293344
1.00000000
Prototype_GameObject_DecoObject
Layer_BackGround_Object
5
0
2
1
1
1.16299987
0.00000000
0.00000000
0.00000000
0.00000000
1.09799993
0.00000000
0.00000000
0.00000000
0.00000000
0.99999994
0.00000000
19.04792213
0.54899991
1.13038921
1.00000000
Prototype_GameObject_DecoObject
Layer_BackGround_Object
5
0
2
1
1
1.16299987
0.00000000
0.00000000
0.00000000
0.00000000
1.09799993
0.00000000
0.00000000
0.00000000
0.00000000
0.99999994
0.00000000
18.69771576
0.54899991
2.71133614
1.00000000
Prototype_GameObject_DecoObject
Layer_BackGround_Object
5
0
2
1
15
1.16299987
0.00000000
0.00000000
0.00000000
0.00000000
1.09799993
0.00000000
0.00000000
0.00000000
0.00000000
0.99999994
0.00000000
4.23333836
0.54899991
22.88539886
1.00000000
Prototype_GameObject_DecoObject
Layer_BackGround_Object
5
0
2
0
15
1.16299987
0.00000000
0.00000000
0.00000000
0.00000000
1.09799993
0.00000000
0.00000000
0.00000000
0.00000000
0.99999994
0.00000000
5.49884224
0.54899991
21.50536919
1.00000000
Prototype_GameObject_DecoObject
Layer_BackGround_Object
5
0
2
0
15
1.16299987
0.00000000
0.00000000
0.00000000
0.00000000
1.09799993
0.00000000
0.00000000
0.00000000
0.00000000
0.99999994
0.00000000
6.50000000
0.54899991
20.50548172
1.00000000
Prototype_GameObject_DecoObject
Layer_BackGround_Object
5
0
2
0
15
1.16299987
0.00000000
0.00000000
0.00000000
0.00000000
1.09799993
0.00000000
0.00000000
0.00000000
0.00000000
0.99999994
0.00000000
7.50000000
0.54899991
19.50565720
1.00000000
Prototype_GameObject_DecoObject
Layer_BackGround_Object
5
0
2
0
15
1.16299987
0.00000000
0.00000000
0.00000000
0.00000000
1.09799993
0.00000000
0.00000000
0.00000000
0.00000000
0.99999994
0.00000000
8.49787331
0.54899991
18.50574684
1.00000000
Prototype_GameObject_DecoObject
Layer_BackGround_Object
5
0
2
0
15
1.16299987
0.00000000
0.00000000
0.00000000
0.00000000
1.09799993
0.00000000
0.00000000
0.00000000
0.00000000
0.99999994
0.00000000
9.49791431
0.54899991
17.50582886
1.00000000
Prototype_GameObject_DecoObject
Layer_BackGround_Object
5
0
2
0
15
1.16299987
0.00000000
0.00000000
0.00000000
0.00000000
1.09799993
0.00000000
0.00000000
0.00000000
0.00000000
0.99999994
0.00000000
10.49795055
0.54899991
16.50590134
1.00000000
Prototype_GameObject_DecoObject
Layer_BackGround_Object
5
0
2
0
15
1.16299987
0.00000000
0.00000000
0.00000000
0.00000000
1.09799993
0.00000000
0.00000000
0.00000000
0.00000000
0.99999994
0.00000000
11.49801826
0.54899991
15.51000023
1.00000000
Prototype_GameObject_DecoObject
Layer_BackGround_Object
5
0
2
0
15
1.16299987
0.00000000
0.00000000
0.00000000
0.00000000
1.09799993
0.00000000
0.00000000
0.00000000
0.00000000
0.99999994
0.00000000
12.50000000
0.54899991
14.51000023
1.00000000
Prototype_GameObject_DecoObject
Layer_BackGround_Object
5
0
2
0
15
1.16299987
0.00000000
0.00000000
0.00000000
0.00000000
1.09799993
0.00000000
0.00000000
0.00000000
0.00000000
0.99999994
0.00000000
13.50000000
0.54899991
15.51000023
1.00000000
Prototype_GameObject_DecoObject
Layer_BackGround_Object
5
0
2
0
15
1.16299987
0.00000000
0.00000000
0.00000000
0.00000000
1.09799993
0.00000000
0.00000000
0.00000000
0.00000000
0.99999994
0.00000000
14.50000000
0.54899991
16.50661469
1.00000000
Prototype_GameObject_DecoObject
Layer_BackGround_Object
5
0
2
0
15
1.16299987
0.00000000
0.00000000
0.00000000
0.00000000
1.09799993
0.00000000
0.00000000
0.00000000
0.00000000
0.99999994
0.00000000
15.50000000
0.54899991
17.50669098
1.00000000
Prototype_GameObject_DecoObject
Layer_BackGround_Object
5
0
2
0
15
1.16299987
0.00000000
0.00000000
0.00000000
0.00000000
1.09799993
0.00000000
0.00000000
0.00000000
0.00000000
0.99999994
0.00000000
16.49675751
0.54899991
18.50675774
1.00000000
Prototype_GameObject_DecoObject
Layer_BackGround_Object
5
0
2
0
15
1.16299987
0.00000000
0.00000000
0.00000000
0.00000000
1.09799993
0.00000000
0.00000000
0.00000000
0.00000000
0.99999994
0.00000000
17.49687958
0.54899991
19.50687981
1.00000000
Prototype_GameObject_DecoObject
Layer_BackGround_Object
5
0
2
0
15
1.16299987
0.00000000
0.00000000
0.00000000
0.00000000
1.09799993
0.00000000
0.00000000
0.00000000
0.00000000
0.99999994
0.00000000
18.49692535
0.54899991
20.50692558
1.00000000
Prototype_GameObject_DecoObject
Layer_BackGround_Object
5
0
2
0
15
1.16299987
0.00000000
0.00000000
0.00000000
0.00000000
1.09799993
0.00000000
0.00000000
0.00000000
0.00000000
0.99999994
0.00000000
19.49698639
0.54899991
21.50698662
1.00000000
Prototype_GameObject_DecoObject
Layer_BackGround_Object
5
0
2
0
15
1.16299987
0.00000000
0.00000000
0.00000000
0.00000000
1.09799993
0.00000000
0.00000000
0.00000000
0.00000000
0.99999994
0.00000000
20.49704552
0.54899991
22.50704575
1.00000000
Prototype_GameObject_DecoObject
Layer_BackGround_Object
5
0
2
0
15
1.16299987
0.00000000
0.00000000
0.00000000
0.00000000
1.09799993
0.00000000
0.00000000
0.00000000
0.00000000
0.99999994
0.00000000
21.49712753
0.54899991
23.50712776
1.00000000
Prototype_GameObject_DecoObject
Layer_BackGround_Object
5
0
2
0
15
1.16299987
0.00000000
0.00000000
0.00000000
0.00000000
1.09799993
0.00000000
0.00000000
0.00000000
0.00000000
0.99999994
0.00000000
22.49717331
0.54899991
24.51000023
1.00000000
Prototype_GameObject_DecoObject
Layer_BackGround_Object
5
0
2
0
15
1.16299987
0.00000000
0.00000000
0.00000000
0.00000000
1.09799993
0.00000000
0.00000000
0.00000000
0.00000000
0.99999994
0.00000000
23.49726105
0.54899991
25.51000023
1.00000000
Prototype_GameObject_DecoObject
Layer_BackGround_Object
5
0
2
0
15
1.16299987
0.00000000
0.00000000
0.00000000
0.00000000
1.09799993
0.00000000
0.00000000
0.00000000
0.00000000
0.99999994
0.00000000
27.50000000
0.54899991
11.50948715
1.00000000
