25
20
1
60
Prototype_GameObject_InteractObject
Layer_BackGround_Object
3
0
0
1
28
2.40199971
0.00000000
0.00000000
0.00000000
0.00000000
1.97799993
0.00000000
0.00000000
0.00000000
0.00000000
0.99999994
0.00000000
0.45238900
0.98899990
0.22399330
1.00000000
Prototype_GameObject_InteractObject
Layer_BackGround_Object
3
0
0
1
28
2.40199971
0.00000000
0.00000000
0.00000000
0.00000000
1.97799993
0.00000000
0.00000000
0.00000000
0.00000000
0.99999994
0.00000000
1.00200617
0.98899990
0.18618231
1.00000000
Prototype_GameObject_InteractObject
Layer_BackGround_Object
3
0
0
1
28
2.40199971
0.00000000
0.00000000
0.00000000
0.00000000
1.97799993
0.00000000
0.00000000
0.00000000
0.00000000
0.99999994
0.00000000
1.46359169
0.98899990
0.72387713
1.00000000
Prototype_GameObject_InteractObject
Layer_BackGround_Object
3
0
0
1
28
2.40199971
0.00000000
0.00000000
0.00000000
0.00000000
1.97799993
0.00000000
0.00000000
0.00000000
0.00000000
0.99999994
0.00000000
0.70514566
0.98899990
1.08256185
1.00000000
Prototype_GameObject_InteractObject
Layer_BackGround_Object
3
0
0
1
28
2.40199971
0.00000000
0.00000000
0.00000000
0.00000000
1.97799993
0.00000000
0.00000000
0.00000000
0.00000000
0.99999994
0.00000000
2.02292943
0.98899990
0.26139316
1.00000000
Prototype_GameObject_InteractObject
Layer_BackGround_Object
3
0
0
1
28
2.40199971
0.00000000
0.00000000
0.00000000
0.00000000
1.97799993
0.00000000
0.00000000
0.00000000
0.00000000
0.99999994
0.00000000
1.86837840
0.98899990
1.62275410
1.00000000
Prototype_GameObject_InteractObject
Layer_BackGround_Object
3
0
0
1
28
2.40199971
0.00000000
0.00000000
0.00000000
0.00000000
1.97799993
0.00000000
0.00000000
0.00000000
0.00000000
0.99999994
0.00000000
1.01799512
0.98899990
1.66520023
1.00000000
Prototype_GameObject_InteractObject
Layer_BackGround_Object
3
0
0
1
28
2.40199971
0.00000000
0.00000000
0.00000000
0.00000000
1.97799993
0.00000000
0.00000000
0.00000000
0.00000000
0.99999994
0.00000000
2.64104080
0.98899990
0.92292023
1.00000000
Prototype_GameObject_InteractObject
Layer_BackGround_Object
3
0
0
1
28
2.40199971
0.00000000
0.00000000
0.00000000
0.00000000
1.97799993
0.00000000
0.00000000
0.00000000
0.00000000
0.99999994
0.00000000
21.62647247
0.98899990
17.98496246
1.00000000
Prototype_GameObject_InteractObject
Layer_BackGround_Object
3
0
0
1
28
2.40199971
0.00000000
0.00000000
0.00000000
0.00000000
1.97799993
0.00000000
0.00000000
0.00000000
0.00000000
0.99999994
0.00000000
21.03922462
0.98899990
17.06136322
1.00000000
Prototype_GameObject_InteractObject
Layer_BackGround_Object
3
0
0
1
28
2.40199971
0.00000000
0.00000000
0.00000000
0.00000000
1.97799993
0.00000000
0.00000000
0.00000000
0.00000000
0.99999994
0.00000000
22.77685928
0.98899990
18.11938858
1.00000000
Prototype_GameObject_InteractObject
Layer_BackGround_Object
3
0
0
1
28
2.40199971
0.00000000
0.00000000
0.00000000
0.00000000
1.97799993
0.00000000
0.00000000
0.00000000
0.00000000
0.99999994
0.00000000
20.03468704
0.98899990
16.93184662
1.00000000
Prototype_GameObject_InteractObject
Layer_BackGround_Object
3
0
0
1
28
2.40199971
0.00000000
0.00000000
0.00000000
0.00000000
1.97799993
0.00000000
0.00000000
0.00000000
0.00000000
0.99999994
0.00000000
21.68319511
0.98899990
16.80293655
1.00000000
Prototype_GameObject_InteractObject
Layer_BackGround_Object
3
0
0
1
28
2.40199971
0.00000000
0.00000000
0.00000000
0.00000000
1.97799993
0.00000000
0.00000000
0.00000000
0.00000000
0.99999994
0.00000000
22.88002014
0.98899990
17.32218933
1.00000000
Prototype_GameObject_InteractObject
Layer_BackGround_Object
3
0
0
1
28
2.40199971
0.00000000
0.00000000
0.00000000
0.00000000
1.97799993
0.00000000
0.00000000
0.00000000
0.00000000
0.99999994
0.00000000
22.07736397
0.98899990
16.16712952
1.00000000
Prototype_GameObject_InteractObject
Layer_BackGround_Object
3
0
0
1
29
1.52199984
0.00000000
0.00000000
0.00000000
0.00000000
3.02199984
0.00000000
0.00000000
0.00000000
0.00000000
0.99999994
0.00000000
21.47552109
1.51099980
0.50939673
1.00000000
Prototype_GameObject_InteractObject
Layer_BackGround_Object
3
0
0
1
29
1.52199984
0.00000000
0.00000000
0.00000000
0.00000000
3.02199984
0.00000000
0.00000000
0.00000000
0.00000000
0.99999994
0.00000000
20.71590042
1.51099980
0.83572006
1.00000000
Prototype_GameObject_InteractObject
Layer_BackGround_Object
3
0
0
1
29
1.52199984
0.00000000
0.00000000
0.00000000
0.00000000
3.02199984
0.00000000
0.00000000
0.00000000
0.00000000
0.99999994
0.00000000
20.04864311
1.51099980
0.25304851
1.00000000
Prototype_GameObject_InteractObject
Layer_BackGround_Object
3
0
0
1
29
1.52199984
0.00000000
0.00000000
0.00000000
0.00000000
3.02199984
0.00000000
0.00000000
0.00000000
0.00000000
0.99999994
0.00000000
22.06092644
1.51099980
1.63943863
1.00000000
Prototype_GameObject_InteractObject
Layer_BackGround_Object
3
0
0
1
29
1.52199984
0.00000000
0.00000000
0.00000000
0.00000000
3.02199984
0.00000000
0.00000000
0.00000000
0.00000000
0.99999994
0.00000000
22.29474258
1.51099980
0.25305042
1.00000000
Prototype_GameObject_DecoObject
Layer_BackGround_Object
5
0
3
2
40
4.71799946
0.00000000
0.00000000
0.00000000
0.00000000
5.27199936
0.00000000
0.00000000
0.00000000
0.00000000
0.99999994
0.00000000
2.32250547
2.63599992
18.96218300
1.00000000
Prototype_GameObject_DecoObject
Layer_BackGround_Object
5
0
3
2
39
4.71799946
0.00000000
0.00000000
0.00000000
0.00000000
6.90199947
0.00000000
0.00000000
0.00000000
0.00000000
0.99999994
0.00000000
4.20852184
3.45099998
22.49106026
1.00000000
Prototype_GameObject_DecoObject
Layer_BackGround_Object
5
0
1
2
6
4.71799946
0.00000000
0.00000000
0.00000000
0.00000000
8.04299927
0.00000000
0.00000000
0.00000000
0.00000000
0.99999994
0.00000000
13.57031631
4.02150011
18.96218300
1.00000000
Prototype_GameObject_DecoObject
Layer_BackGround_Object
5
0
1
2
6
4.71799946
0.00000000
0.00000000
0.00000000
0.00000000
8.04299927
0.00000000
0.00000000
0.00000000
0.00000000
0.99999994
0.00000000
17.97776794
4.02150011
19.10112953
1.00000000
Prototype_GameObject_DecoObject
Layer_BackGround_Object
5
0
1
1
4
4.71799946
0.00000000
0.00000000
0.00000000
0.00000000
8.04299927
0.00000000
0.00000000
0.00000000
0.00000000
0.99999994
0.00000000
0.84335709
4.02149916
17.45351028
1.00000000
Prototype_GameObject_DecoObject
Layer_BackGround_Object
5
0
2
2
42
4.71799946
0.00000000
0.00000000
0.00000000
0.00000000
8.04299927
0.00000000
0.00000000
0.00000000
0.00000000
0.99999994
0.00000000
16.27453804
4.02150011
19.94901085
1.00000000
Prototype_GameObject_DecoObject
Layer_BackGround_Object
5
0
2
2
42
4.71799946
0.00000000
0.00000000
0.00000000
0.00000000
8.04299927
0.00000000
0.00000000
0.00000000
0.00000000
0.99999994
0.00000000
11.81399345
4.02150011
19.38104439
1.00000000
Prototype_GameObject_DecoObject
Layer_BackGround_Object
5
0
3
2
38
4.71799946
0.00000000
0.00000000
0.00000000
0.00000000
8.04299927
0.00000000
0.00000000
0.00000000
0.00000000
0.99999994
0.00000000
21.90515327
4.02150011
21.53334618
1.00000000
Prototype_GameObject_DecoObject
Layer_BackGround_Object
5
0
0
2
0
4.71799946
0.00000000
0.00000000
0.00000000
0.00000000
8.04299927
0.00000000
0.00000000
0.00000000
0.00000000
0.99999994
0.00000000
-2.17426801
4.02150011
16.15374947
1.00000000
Prototype_GameObject_DecoObject
Layer_BackGround_Object
5
0
0
2
0
4.71799946
0.00000000
0.00000000
0.00000000
0.00000000
8.04299927
0.00000000
0.00000000
0.00000000
0.00000000
0.99999994
0.00000000
-2.08698678
4.02150011
12.41323280
1.00000000
Prototype_GameObject_DecoObject
Layer_BackGround_Object
5
0
0
2
0
4.71799946
0.00000000
0.00000000
0.00000000
0.00000000
8.04299927
0.00000000
0.00000000
0.00000000
0.00000000
0.99999994
0.00000000
-2.09247756
4.02150011
8.44638252
1.00000000
Prototype_GameObject_DecoObject
Layer_BackGround_Object
5
0
0
2
0
4.71799946
0.00000000
0.00000000
0.00000000
0.00000000
8.04299927
0.00000000
0.00000000
0.00000000
0.00000000
0.99999994
0.00000000
-1.97858644
4.02150011
4.77280807
1.00000000
Prototype_GameObject_DecoObject
Layer_BackGround_Object
5
0
0
2
0
4.71799946
0.00000000
0.00000000
0.00000000
0.00000000
8.04299927
0.00000000
0.00000000
0.00000000
0.00000000
0.99999994
0.00000000
-1.90825152
4.02150011
1.91249657
1.00000000
Prototype_GameObject_DecoObject
Layer_BackGround_Object
5
0
0
2
0
4.71799946
0.00000000
0.00000000
0.00000000
0.00000000
8.04299927
0.00000000
0.00000000
0.00000000
0.00000000
0.99999994
0.00000000
25.32132339
4.02150011
2.54505539
1.00000000
Prototype_GameObject_DecoObject
Layer_BackGround_Object
5
0
0
2
11
4.71799946
0.00000000
0.00000000
0.00000000
0.00000000
8.04299927
0.00000000
0.00000000
0.00000000
0.00000000
0.99999994
0.00000000
0.17510210
4.02150011
4.84952736
1.00000000
Prototype_GameObject_DecoObject
Layer_BackGround_Object
5
0
0
1
29
1.84799993
0.00000000
0.00000000
0.00000000
0.00000000
1.97799993
0.00000000
0.00000000
0.00000000
0.00000000
0.99999994
0.00000000
20.10555840
0.98899990
2.19973826
1.00000000
Prototype_GameObject_DecoObject
Layer_BackGround_Object
5
0
2
1
4
1.58699989
0.00000000
0.00000000
0.00000000
0.00000000
1.65199983
0.00000000
0.00000000
0.00000000
0.00000000
0.99999994
0.00000000
3.08501625
0.82599986
15.58110046
1.00000000
Prototype_GameObject_DecoObject
Layer_BackGround_Object
5
0
2
1
4
1.58699989
0.00000000
0.00000000
0.00000000
0.00000000
1.65199983
0.00000000
0.00000000
0.00000000
0.00000000
0.99999994
0.00000000
1.55809164
0.82599986
13.96453094
1.00000000
Prototype_GameObject_DecoObject
Layer_BackGround_Object
5
0
2
1
4
1.58699989
0.00000000
0.00000000
0.00000000
0.00000000
1.65199983
0.00000000
0.00000000
0.00000000
0.00000000
0.99999994
0.00000000
3.40093756
0.82599986
13.18579483
1.00000000
Prototype_GameObject_DecoObject
Layer_BackGround_Object
5
0
0
1
31
1.42399991
0.00000000
0.00000000
0.00000000
0.00000000
1.22799993
0.00000000
0.00000000
0.00000000
0.00000000
0.99999994
0.00000000
4.04646301
0.61399990
3.47292900
1.00000000
Prototype_GameObject_DecoObject
Layer_BackGround_Object
5
0
0
1
31
1.42399991
0.00000000
0.00000000
0.00000000
0.00000000
1.22799993
0.00000000
0.00000000
0.00000000
0.00000000
0.99999994
0.00000000
2.19989562
0.61399990
9.98077297
1.00000000
Prototype_GameObject_DecoObject
Layer_BackGround_Object
5
0
0
1
31
1.42399991
0.00000000
0.00000000
0.00000000
0.00000000
1.22799993
0.00000000
0.00000000
0.00000000
0.00000000
0.99999994
0.00000000
14.96875572
0.61399990
15.81092834
1.00000000
Prototype_GameObject_InteractObject
Layer_BackGround_Object
3
0
0
1
10
1.42399991
0.00000000
0.00000000
0.00000000
0.00000000
1.22799993
0.00000000
0.00000000
0.00000000
0.00000000
0.99999994
0.00000000
7.51124573
0.61399990
15.21912193
1.00000000
Prototype_GameObject_InteractObject
Layer_BackGround_Object
3
0
0
1
10
1.42399991
0.00000000
0.00000000
0.00000000
0.00000000
1.22799993
0.00000000
0.00000000
0.00000000
0.00000000
0.99999994
0.00000000
4.49499559
0.61399990
6.78663063
1.00000000
Prototype_GameObject_InteractObject
Layer_BackGround_Object
3
0
0
1
10
1.42399991
0.00000000
0.00000000
0.00000000
0.00000000
1.22799993
0.00000000
0.00000000
0.00000000
0.00000000
0.99999994
0.00000000
15.38304710
0.61399990
1.80712891
1.00000000
Prototype_GameObject_InteractObject
Layer_BackGround_Object
3
0
0
1
14
1.42399991
0.00000000
0.00000000
0.00000000
0.00000000
1.22799993
0.00000000
0.00000000
0.00000000
0.00000000
0.99999994
0.00000000
4.05558634
0.61399990
6.13002586
1.00000000
Prototype_GameObject_InteractObject
Layer_BackGround_Object
3
0
0
1
14
1.42399991
0.00000000
0.00000000
0.00000000
0.00000000
1.22799993
0.00000000
0.00000000
0.00000000
0.00000000
0.99999994
0.00000000
6.53076506
0.61399990
15.89669704
1.00000000
Prototype_GameObject_InteractObject
Layer_BackGround_Object
3
0
0
1
14
1.42399991
0.00000000
0.00000000
0.00000000
0.00000000
1.22799993
0.00000000
0.00000000
0.00000000
0.00000000
0.99999994
0.00000000
14.48363876
0.61399990
1.08058298
1.00000000
Prototype_GameObject_InteractObject
Layer_BackGround_Object
3
0
0
1
53
1.42399991
0.00000000
0.00000000
0.00000000
0.00000000
1.22799993
0.00000000
0.00000000
0.00000000
0.00000000
0.99999994
0.00000000
6.33711529
0.61399990
14.77600479
1.00000000
Prototype_GameObject_InteractObject
Layer_BackGround_Object
3
0
0
1
53
1.42399991
0.00000000
0.00000000
0.00000000
0.00000000
1.22799993
0.00000000
0.00000000
0.00000000
0.00000000
0.99999994
0.00000000
5.41468143
0.61399990
6.01239777
1.00000000
Prototype_GameObject_InteractObject
Layer_BackGround_Object
3
0
0
1
53
1.42399991
0.00000000
0.00000000
0.00000000
0.00000000
1.22799993
0.00000000
0.00000000
0.00000000
0.00000000
0.99999994
0.00000000
15.68562889
0.61399990
1.09891164
1.00000000
Prototype_GameObject_DecoObject
Layer_BackGround_Object
5
0
0
1
5
5.69599962
0.00000000
0.00000000
0.00000000
0.00000000
0.99999994
0.00000000
0.00000000
0.00000000
0.00000000
5.33699942
0.00000000
20.91099167
0.49999994
6.19648743
1.00000000
Prototype_GameObject_DecoObject
Layer_BackGround_Object
5
0
0
2
2
3.47799969
0.00000000
0.00000000
0.00000000
0.00000000
7.52199936
0.00000000
0.00000000
0.00000000
0.00000000
0.99999994
0.00000000
25.89177704
3.76099992
18.13831711
1.00000000
Prototype_GameObject_DecoObject
Layer_BackGround_Object
5
0
0
2
2
3.47799969
0.00000000
0.00000000
0.00000000
0.00000000
7.52199936
0.00000000
0.00000000
0.00000000
0.00000000
0.99999994
0.00000000
25.92463493
3.76099992
14.86042023
1.00000000
Prototype_GameObject_DecoObject
Layer_BackGround_Object
5
0
0
2
2
3.47799969
0.00000000
0.00000000
0.00000000
0.00000000
7.52199936
0.00000000
0.00000000
0.00000000
0.00000000
0.99999994
0.00000000
25.80067825
3.76099992
11.32266235
1.00000000
Prototype_GameObject_DecoObject
Layer_BackGround_Object
5
0
3
2
36
3.47799969
0.00000000
0.00000000
0.00000000
0.00000000
2.79299974
0.00000000
0.00000000
0.00000000
0.00000000
0.99999994
0.00000000
22.99807930
1.39649999
12.15047836
1.00000000
Prototype_GameObject_DecoObject
Layer_BackGround_Object
5
0
3
2
36
3.47799969
0.00000000
0.00000000
0.00000000
0.00000000
2.79299974
0.00000000
0.00000000
0.00000000
0.00000000
0.99999994
0.00000000
25.38592529
1.39649999
20.51116562
1.00000000
Prototype_GameObject_DecoObject
Layer_BackGround_Object
5
0
2
2
86
1.58699989
0.00000000
0.00000000
0.00000000
0.00000000
2.85899973
0.00000000
0.00000000
0.00000000
0.00000000
0.99999994
0.00000000
12.74307823
1.42949998
11.38916588
1.00000000
Prototype_GameObject_DecoObject
Layer_BackGround_Object
5
0
2
1
34
5.76099968
0.00000000
0.00000000
0.00000000
0.00000000
5.89199972
0.00000000
0.00000000
0.00000000
0.00000000
0.99999994
0.00000000
17.37293053
2.94599962
11.64901447
1.00000000
Prototype_GameObject_DecoObject
Layer_BackGround_Object
5
0
3
1
40
5.76099968
0.00000000
0.00000000
0.00000000
0.00000000
5.53299952
0.00000000
0.00000000
0.00000000
0.00000000
0.99999994
0.00000000
6.73218584
2.76649952
18.11524200
1.00000000
