25
20
1
32
Prototype_GameObject_DecoObject
Layer_BackGround_Object
5
0
2
1
63
1.61999977
0.00000000
0.00000000
0.00000000
0.00000000
1.71699977
0.00000000
0.00000000
0.00000000
0.00000000
0.99999988
0.00000000
1.10812902
0.85849983
0.56926680
1.00000000
Prototype_GameObject_DecoObject
Layer_BackGround_Object
5
0
2
1
61
1.61999977
0.00000000
0.00000000
0.00000000
0.00000000
1.71699977
0.00000000
0.00000000
0.00000000
0.00000000
0.99999988
0.00000000
3.05244923
0.85849983
13.42321205
1.00000000
Prototype_GameObject_DecoObject
Layer_BackGround_Object
5
0
2
1
61
1.61999977
0.00000000
0.00000000
0.00000000
0.00000000
1.71699977
0.00000000
0.00000000
0.00000000
0.00000000
0.99999988
0.00000000
22.41652298
0.85849983
0.38681030
1.00000000
Prototype_GameObject_DecoObject
Layer_BackGround_Object
5
0
2
1
71
1.61999977
0.00000000
0.00000000
0.00000000
0.00000000
1.71699977
0.00000000
0.00000000
0.00000000
0.00000000
0.99999988
0.00000000
22.30403709
0.85849983
3.07807541
1.00000000
Prototype_GameObject_DecoObject
Layer_BackGround_Object
5
0
2
2
58
3.90199947
0.00000000
0.00000000
0.00000000
0.00000000
9.99999809
0.00000000
0.00000000
0.00000000
0.00000000
0.99999988
0.00000000
-1.81901264
5.00000000
14.84812927
1.00000000
Prototype_GameObject_DecoObject
Layer_BackGround_Object
5
0
2
2
58
3.90199947
0.00000000
0.00000000
0.00000000
0.00000000
9.99999809
0.00000000
0.00000000
0.00000000
0.00000000
0.99999988
0.00000000
-1.97328329
5.00000000
9.64195633
1.00000000
Prototype_GameObject_DecoObject
Layer_BackGround_Object
5
0
2
2
58
3.90199947
0.00000000
0.00000000
0.00000000
0.00000000
9.99999809
0.00000000
0.00000000
0.00000000
0.00000000
0.99999988
0.00000000
-1.86667299
5.00000000
4.68676949
1.00000000
Prototype_GameObject_DecoObject
Layer_BackGround_Object
5
0
2
2
58
3.90199947
0.00000000
0.00000000
0.00000000
0.00000000
9.99999809
0.00000000
0.00000000
0.00000000
0.00000000
0.99999988
0.00000000
25.50957108
5.00000000
15.92447662
1.00000000
Prototype_GameObject_DecoObject
Layer_BackGround_Object
5
0
2
2
58
3.90199947
0.00000000
0.00000000
0.00000000
0.00000000
9.99999809
0.00000000
0.00000000
0.00000000
0.00000000
0.99999988
0.00000000
25.08849525
5.00000000
6.01151657
1.00000000
Prototype_GameObject_DecoObject
Layer_BackGround_Object
5
0
2
2
58
3.90199947
0.00000000
0.00000000
0.00000000
0.00000000
9.99999809
0.00000000
0.00000000
0.00000000
0.00000000
0.99999988
0.00000000
25.10702896
5.00000000
10.64093399
1.00000000
Prototype_GameObject_DecoObject
Layer_BackGround_Object
5
0
2
1
20
1.32599974
0.00000000
0.00000000
0.00000000
0.00000000
4.35899925
0.00000000
0.00000000
0.00000000
0.00000000
0.99999988
0.00000000
22.92848015
2.17949939
11.58159447
1.00000000
Prototype_GameObject_DecoObject
Layer_BackGround_Object
5
0
2
1
20
1.32599974
0.00000000
0.00000000
0.00000000
0.00000000
4.35899925
0.00000000
0.00000000
0.00000000
0.00000000
0.99999988
0.00000000
7.51367283
2.17949939
0.28938746
1.00000000
Prototype_GameObject_DecoObject
Layer_BackGround_Object
5
0
2
1
20
1.32599974
0.00000000
0.00000000
0.00000000
0.00000000
4.35899925
0.00000000
0.00000000
0.00000000
0.00000000
0.99999988
0.00000000
0.53872395
2.17949939
10.89054680
1.00000000
Prototype_GameObject_DecoObject
Layer_BackGround_Object
5
0
2
1
20
1.32599974
0.00000000
0.00000000
0.00000000
0.00000000
4.35899925
0.00000000
0.00000000
0.00000000
0.00000000
0.99999988
0.00000000
15.22655106
2.17949939
0.51608419
1.00000000
Prototype_GameObject_DecoObject
Layer_BackGround_Object
5
0
2
1
38
1.32599974
0.00000000
0.00000000
0.00000000
0.00000000
2.20699954
0.00000000
0.00000000
0.00000000
0.00000000
0.99999988
0.00000000
1.97627258
1.10349965
3.21846962
1.00000000
Prototype_GameObject_DecoObject
Layer_BackGround_Object
5
0
2
1
38
1.32599974
0.00000000
0.00000000
0.00000000
0.00000000
2.20699954
0.00000000
0.00000000
0.00000000
0.00000000
0.99999988
0.00000000
22.42561150
1.10349965
14.81367493
1.00000000
Prototype_GameObject_InteractObject
Layer_BackGround_Object
3
0
0
1
41
1.32599974
0.00000000
0.00000000
0.00000000
0.00000000
1.45699978
0.00000000
0.00000000
0.00000000
0.00000000
0.99999988
0.00000000
4.69906902
0.72849983
8.72591972
1.00000000
Prototype_GameObject_InteractObject
Layer_BackGround_Object
3
0
0
1
41
1.32599974
0.00000000
0.00000000
0.00000000
0.00000000
1.45699978
0.00000000
0.00000000
0.00000000
0.00000000
0.99999988
0.00000000
5.79224539
0.72849983
2.85630608
1.00000000
Prototype_GameObject_InteractObject
Layer_BackGround_Object
3
0
0
1
41
1.32599974
0.00000000
0.00000000
0.00000000
0.00000000
1.45699978
0.00000000
0.00000000
0.00000000
0.00000000
0.99999988
0.00000000
18.26234245
0.72849983
16.43825150
1.00000000
Prototype_GameObject_InteractObject
Layer_BackGround_Object
3
0
0
1
42
1.32599974
0.00000000
0.00000000
0.00000000
0.00000000
1.45699978
0.00000000
0.00000000
0.00000000
0.00000000
0.99999988
0.00000000
1.55207777
0.72849983
15.60793686
1.00000000
Prototype_GameObject_InteractObject
Layer_BackGround_Object
3
0
0
1
42
1.32599974
0.00000000
0.00000000
0.00000000
0.00000000
1.45699978
0.00000000
0.00000000
0.00000000
0.00000000
0.99999988
0.00000000
3.40609717
0.72849983
1.30647373
1.00000000
Prototype_GameObject_InteractObject
Layer_BackGround_Object
3
0
0
1
42
1.32599974
0.00000000
0.00000000
0.00000000
0.00000000
1.45699978
0.00000000
0.00000000
0.00000000
0.00000000
0.99999988
0.00000000
21.39334679
0.72849983
8.62672997
1.00000000
Prototype_GameObject_InteractObject
Layer_BackGround_Object
3
0
0
1
42
1.32599974
0.00000000
0.00000000
0.00000000
0.00000000
1.45699978
0.00000000
0.00000000
0.00000000
0.00000000
0.99999988
0.00000000
8.59249496
0.72849983
14.79705429
1.00000000
Prototype_GameObject_DecoObject
Layer_BackGround_Object
5
0
2
2
129
5.76099920
0.00000000
0.00000000
0.00000000
0.00000000
9.99999809
0.00000000
0.00000000
0.00000000
0.00000000
0.99999988
0.00000000
3.09064794
5.00000000
18.84169006
1.00000000
Prototype_GameObject_DecoObject
Layer_BackGround_Object
5
0
2
2
129
5.76099920
0.00000000
0.00000000
0.00000000
0.00000000
9.99999809
0.00000000
0.00000000
0.00000000
0.00000000
0.99999988
0.00000000
13.55989838
5.00000000
18.84169388
1.00000000
Prototype_GameObject_DecoObject
Layer_BackGround_Object
5
0
2
2
78
5.76099920
0.00000000
0.00000000
0.00000000
0.00000000
9.99999809
0.00000000
0.00000000
0.00000000
0.00000000
0.99999988
0.00000000
8.47331619
5.00000000
19.87910461
1.00000000
Prototype_GameObject_DecoObject
Layer_BackGround_Object
5
0
2
1
102
3.54299951
0.00000000
0.00000000
0.00000000
0.00000000
4.61999893
0.00000000
0.00000000
0.00000000
0.00000000
0.99999988
0.00000000
6.81221437
2.30999923
16.31172943
1.00000000
Prototype_GameObject_DecoObject
Layer_BackGround_Object
5
0
2
2
96
3.05399942
0.00000000
0.00000000
0.00000000
0.00000000
5.82599926
0.00000000
0.00000000
0.00000000
0.00000000
0.99999988
0.00000000
6.93088722
2.91300011
20.83860207
1.00000000
Prototype_GameObject_DecoObject
Layer_BackGround_Object
5
0
2
2
98
3.93399954
0.00000000
0.00000000
0.00000000
0.00000000
9.99999809
0.00000000
0.00000000
0.00000000
0.00000000
0.99999988
0.00000000
22.40505791
5.00000000
19.20587349
1.00000000
Prototype_GameObject_DecoObject
Layer_BackGround_Object
5
0
2
2
127
3.93399954
0.00000000
0.00000000
0.00000000
0.00000000
9.99999809
0.00000000
0.00000000
0.00000000
0.00000000
0.99999988
0.00000000
17.09234428
5.00000000
19.05078316
1.00000000
Prototype_GameObject_DecoObject
Layer_BackGround_Object
5
0
2
2
9
2.17299962
0.00000000
0.00000000
0.00000000
0.00000000
4.81499910
0.00000000
0.00000000
0.00000000
0.00000000
0.99999988
0.00000000
20.02232361
2.40750003
18.14173889
1.00000000
Prototype_GameObject_DecoObject
Layer_BackGround_Object
5
1
2
0
15
6.99999952
0.00000000
0.00000000
0.00000000
0.00000000
0.99999994
0.00000000
0.00000000
0.00000000
0.00000000
6.99999952
0.00000000
12.50000000
0.49999994
9.50967693
1.00000000
