20
20
1
72
Prototype_GameObject_DecoObject
Layer_BackGround_Object
5
0
3
0
28
2.14099908
0.00000000
0.00000000
0.00000000
0.00000000
2.04299903
0.00000000
0.00000000
0.00000000
0.00000000
0.99999976
0.00000000
9.38199902
1.02149940
3.50999999
1.00000000
Prototype_GameObject_DecoObject
Layer_BackGround_Object
5
0
3
0
21
2.04299903
0.00000000
0.00000000
0.00000000
0.00000000
1.42399955
0.00000000
0.00000000
0.00000000
0.00000000
0.99999976
0.00000000
9.38866520
0.71199971
5.45433283
1.00000000
Prototype_GameObject_DecoObject
Layer_BackGround_Object
5
1
3
0
20
5.27199793
0.00000000
0.00000000
0.00000000
0.00000000
1.42399955
0.00000000
0.00000000
0.00000000
0.00000000
1.61999953
0.00000000
9.39285660
0.71199971
6.51000023
1.00000000
Prototype_GameObject_DecoObject
Layer_BackGround_Object
5
1
3
1
17
3.54299903
0.00000000
0.00000000
0.00000000
0.00000000
1.42399955
0.00000000
0.00000000
0.00000000
0.00000000
1.06499958
0.00000000
6.82996511
0.71199971
7.87126732
1.00000000
Prototype_GameObject_DecoObject
Layer_BackGround_Object
5
1
3
1
17
3.54299903
0.00000000
0.00000000
0.00000000
0.00000000
1.42399955
0.00000000
0.00000000
0.00000000
0.00000000
1.06499958
0.00000000
12.07507706
0.71199971
7.95396996
1.00000000
Prototype_GameObject_DecoObject
Layer_BackGround_Object
5
0
3
0
16
1.91299951
0.00000000
0.00000000
0.00000000
0.00000000
1.81499958
0.00000000
0.00000000
0.00000000
0.00000000
1.06499958
0.00000000
11.40425873
0.90749973
5.46212959
1.00000000
Prototype_GameObject_DecoObject
Layer_BackGround_Object
5
0
3
0
16
1.91299951
0.00000000
0.00000000
0.00000000
0.00000000
1.81499958
0.00000000
0.00000000
0.00000000
0.00000000
1.06499958
0.00000000
7.50000000
0.90749973
5.46216679
1.00000000
Prototype_GameObject_DecoObject
Layer_BackGround_Object
5
0
3
0
16
3.51099896
0.00000000
0.00000000
0.00000000
0.00000000
4.29299831
0.00000000
0.00000000
0.00000000
0.00000000
1.06499958
0.00000000
15.50000000
2.14649892
13.51000023
1.00000000
Prototype_GameObject_DecoObject
Layer_BackGround_Object
5
0
3
0
16
3.51099896
0.00000000
0.00000000
0.00000000
0.00000000
4.29299831
0.00000000
0.00000000
0.00000000
0.00000000
1.06499958
0.00000000
3.50000000
2.14649892
13.51000023
1.00000000
Prototype_GameObject_DecoObject
Layer_BackGround_Object
5
0
3
0
14
1.55399954
0.00000000
0.00000000
0.00000000
0.00000000
2.10899901
0.00000000
0.00000000
0.00000000
0.00000000
1.06499958
0.00000000
15.50000000
1.05449939
10.41774559
1.00000000
Prototype_GameObject_DecoObject
Layer_BackGround_Object
5
0
2
0
18
2.76099896
0.00000000
0.00000000
0.00000000
0.00000000
7.45699787
0.00000000
0.00000000
0.00000000
0.00000000
1.06499958
0.00000000
5.45540142
3.72849870
15.51000023
1.00000000
Prototype_GameObject_DecoObject
Layer_BackGround_Object
5
0
2
0
18
2.76099896
0.00000000
0.00000000
0.00000000
0.00000000
7.45699787
0.00000000
0.00000000
0.00000000
0.00000000
1.06499958
0.00000000
13.50000000
3.72849870
15.51000023
1.00000000
Prototype_GameObject_DecoObject
Layer_BackGround_Object
5
0
3
1
19
3.83699894
0.00000000
0.00000000
0.00000000
0.00000000
4.71699810
0.00000000
0.00000000
0.00000000
0.00000000
1.06499958
0.00000000
7.62176704
2.35849881
18.08280182
1.00000000
Prototype_GameObject_DecoObject
Layer_BackGround_Object
5
0
3
1
19
2.85899901
0.00000000
0.00000000
0.00000000
0.00000000
4.71699810
0.00000000
0.00000000
0.00000000
0.00000000
1.06499958
0.00000000
1.51571751
2.35849881
16.30794525
1.00000000
Prototype_GameObject_DecoObject
Layer_BackGround_Object
5
0
3
1
19
5.30399799
0.00000000
0.00000000
0.00000000
0.00000000
8.14099598
0.00000000
0.00000000
0.00000000
0.00000000
1.06499958
0.00000000
3.35528731
4.07049751
18.16307259
1.00000000
Prototype_GameObject_DecoObject
Layer_BackGround_Object
5
0
3
2
19
6.83699799
0.00000000
0.00000000
0.00000000
0.00000000
7.91299820
0.00000000
0.00000000
0.00000000
0.00000000
1.06499958
0.00000000
-0.46160746
3.95650005
19.91152954
1.00000000
Prototype_GameObject_DecoObject
Layer_BackGround_Object
5
0
2
2
73
1.81599951
0.00000000
0.00000000
0.00000000
0.00000000
3.70699906
0.00000000
0.00000000
0.00000000
0.00000000
1.06499958
0.00000000
19.96361923
1.85350001
2.87102127
1.00000000
Prototype_GameObject_DecoObject
Layer_BackGround_Object
5
0
2
2
73
1.81599951
0.00000000
0.00000000
0.00000000
0.00000000
3.70699906
0.00000000
0.00000000
0.00000000
0.00000000
1.06499958
0.00000000
19.77015305
1.85350001
6.90966225
1.00000000
Prototype_GameObject_DecoObject
Layer_BackGround_Object
5
0
2
2
73
1.81599951
0.00000000
0.00000000
0.00000000
0.00000000
3.70699906
0.00000000
0.00000000
0.00000000
0.00000000
1.06499958
0.00000000
-0.86089879
1.85350001
17.92538452
1.00000000
Prototype_GameObject_DecoObject
Layer_BackGround_Object
5
0
3
0
31
7.97799873
0.00000000
0.00000000
0.00000000
0.00000000
7.87999868
0.00000000
0.00000000
0.00000000
0.00000000
0.99999982
0.00000000
9.45861149
3.93999910
8.46861172
1.00000000
Prototype_GameObject_DecoObject
Layer_BackGround_Object
5
0
3
0
22
7.12999868
0.00000000
0.00000000
0.00000000
0.00000000
3.24999928
0.00000000
0.00000000
0.00000000
0.00000000
0.99999982
0.00000000
9.45998192
1.62499952
9.46998215
1.00000000
Prototype_GameObject_DecoObject
Layer_BackGround_Object
5
0
3
0
16
2.43399930
0.00000000
0.00000000
0.00000000
0.00000000
3.24999928
0.00000000
0.00000000
0.00000000
0.00000000
0.99999982
0.00000000
4.48107243
1.62499952
9.47214508
1.00000000
Prototype_GameObject_DecoObject
Layer_BackGround_Object
5
0
3
0
16
2.43399930
0.00000000
0.00000000
0.00000000
0.00000000
3.24999928
0.00000000
0.00000000
0.00000000
0.00000000
0.99999982
0.00000000
14.50000000
1.62499952
9.47231674
1.00000000
Prototype_GameObject_DecoObject
Layer_BackGround_Object
5
0
2
2
110
6.08699942
0.00000000
0.00000000
0.00000000
0.00000000
9.99999905
0.00000000
0.00000000
0.00000000
0.00000000
0.99999994
0.00000000
-1.63788748
5.00000000
14.08418751
1.00000000
Prototype_GameObject_DecoObject
Layer_BackGround_Object
5
0
2
2
110
6.08699942
0.00000000
0.00000000
0.00000000
0.00000000
9.99999905
0.00000000
0.00000000
0.00000000
0.00000000
0.99999994
0.00000000
-1.63788748
5.00000000
14.08418751
1.00000000
Prototype_GameObject_DecoObject
Layer_BackGround_Object
5
0
2
2
110
6.08699942
0.00000000
0.00000000
0.00000000
0.00000000
9.99999905
0.00000000
0.00000000
0.00000000
0.00000000
0.99999994
0.00000000
5.30379152
5.00000000
23.19095039
1.00000000
Prototype_GameObject_DecoObject
Layer_BackGround_Object
5
0
2
2
111
2.62999988
0.00000000
0.00000000
0.00000000
0.00000000
9.99999905
0.00000000
0.00000000
0.00000000
0.00000000
0.99999994
0.00000000
-4.91857338
5.00000000
11.53865051
1.00000000
Prototype_GameObject_DecoObject
Layer_BackGround_Object
5
0
2
2
111
1.39099991
0.00000000
0.00000000
0.00000000
0.00000000
6.41299963
0.00000000
0.00000000
0.00000000
0.00000000
0.99999994
0.00000000
-2.95807600
3.20650005
9.56400681
1.00000000
Prototype_GameObject_DecoObject
Layer_BackGround_Object
5
0
2
2
96
5.95699930
0.00000000
0.00000000
0.00000000
0.00000000
5.14099932
0.00000000
0.00000000
0.00000000
0.00000000
0.99999994
0.00000000
-2.97844458
2.57049990
12.90735817
1.00000000
Prototype_GameObject_DecoObject
Layer_BackGround_Object
5
0
2
2
46
3.57599974
0.00000000
0.00000000
0.00000000
0.00000000
2.95599985
0.00000000
0.00000000
0.00000000
0.00000000
0.99999994
0.00000000
-0.35938311
1.47800004
10.18360138
1.00000000
Prototype_GameObject_DecoObject
Layer_BackGround_Object
5
0
2
2
46
3.57599974
0.00000000
0.00000000
0.00000000
0.00000000
2.95599985
0.00000000
0.00000000
0.00000000
0.00000000
0.99999994
0.00000000
13.08101273
1.47800004
11.22184563
1.00000000
Prototype_GameObject_DecoObject
Layer_BackGround_Object
5
0
2
2
46
5.33699942
0.00000000
0.00000000
0.00000000
0.00000000
4.32599974
0.00000000
0.00000000
0.00000000
0.00000000
0.99999994
0.00000000
-2.66669369
2.16300011
6.14414597
1.00000000
Prototype_GameObject_DecoObject
Layer_BackGround_Object
5
0
2
2
46
5.33699942
0.00000000
0.00000000
0.00000000
0.00000000
4.32599974
0.00000000
0.00000000
0.00000000
0.00000000
0.99999994
0.00000000
21.36374664
2.16300011
4.41428375
1.00000000
Prototype_GameObject_DecoObject
Layer_BackGround_Object
5
0
2
2
49
8.46699905
0.00000000
0.00000000
0.00000000
0.00000000
6.47799969
0.00000000
0.00000000
0.00000000
0.00000000
0.99999994
0.00000000
23.04013062
3.23900008
9.16987991
1.00000000
Prototype_GameObject_DecoObject
Layer_BackGround_Object
5
0
2
2
51
2.46699977
0.00000000
0.00000000
0.00000000
0.00000000
6.47799969
0.00000000
0.00000000
0.00000000
0.00000000
0.99999994
0.00000000
-3.28820705
3.23900008
10.04610634
1.00000000
Prototype_GameObject_DecoObject
Layer_BackGround_Object
5
0
2
2
51
1.78199983
0.00000000
0.00000000
0.00000000
0.00000000
5.20599937
0.00000000
0.00000000
0.00000000
0.00000000
0.99999994
0.00000000
19.88734627
2.60299993
0.36156273
1.00000000
Prototype_GameObject_DecoObject
Layer_BackGround_Object
5
0
2
2
51
1.78199983
0.00000000
0.00000000
0.00000000
0.00000000
5.20599937
0.00000000
0.00000000
0.00000000
0.00000000
0.99999994
0.00000000
-1.23464870
2.60299993
4.52829170
1.00000000
Prototype_GameObject_DecoObject
Layer_BackGround_Object
5
0
2
0
51
1.35899985
0.00000000
0.00000000
0.00000000
0.00000000
4.19499969
0.00000000
0.00000000
0.00000000
0.00000000
0.99999994
0.00000000
1.49844980
2.09749961
15.51000023
1.00000000
Prototype_GameObject_DecoObject
Layer_BackGround_Object
5
0
2
2
110
4.29299974
0.00000000
0.00000000
0.00000000
0.00000000
9.54299927
0.00000000
0.00000000
0.00000000
0.00000000
0.99999994
0.00000000
20.52099037
4.77150011
11.28015900
1.00000000
Prototype_GameObject_DecoObject
Layer_BackGround_Object
5
0
2
2
110
4.29299974
0.00000000
0.00000000
0.00000000
0.00000000
9.54299927
0.00000000
0.00000000
0.00000000
0.00000000
0.99999994
0.00000000
21.34308052
4.77150011
16.20679665
1.00000000
Prototype_GameObject_DecoObject
Layer_BackGround_Object
5
0
2
2
47
1.97799993
0.00000000
0.00000000
0.00000000
0.00000000
0.99999994
0.00000000
0.00000000
0.00000000
0.00000000
0.99999994
0.00000000
1.38426733
0.50000000
0.25584984
1.00000000
Prototype_GameObject_DecoObject
Layer_BackGround_Object
5
0
2
2
47
1.97799993
0.00000000
0.00000000
0.00000000
0.00000000
0.99999994
0.00000000
0.00000000
0.00000000
0.00000000
0.99999994
0.00000000
2.49538684
0.50000000
14.91391373
1.00000000
Prototype_GameObject_DecoObject
Layer_BackGround_Object
5
0
2
2
47
1.97799993
0.00000000
0.00000000
0.00000000
0.00000000
0.99999994
0.00000000
0.00000000
0.00000000
0.00000000
0.99999994
0.00000000
13.73447704
0.50000000
7.26790428
1.00000000
Prototype_GameObject_DecoObject
Layer_BackGround_Object
5
0
2
2
47
1.97799993
0.00000000
0.00000000
0.00000000
0.00000000
0.99999994
0.00000000
0.00000000
0.00000000
0.00000000
0.99999994
0.00000000
17.62471390
0.50000000
0.14683819
1.00000000
Prototype_GameObject_DecoObject
Layer_BackGround_Object
5
0
2
2
47
1.97799993
0.00000000
0.00000000
0.00000000
0.00000000
0.99999994
0.00000000
0.00000000
0.00000000
0.00000000
0.99999994
0.00000000
1.47069693
0.50000000
12.30827141
1.00000000
Prototype_GameObject_InteractObject
Layer_BackGround_Object
3
0
0
2
46
0.99999994
0.00000000
0.00000000
0.00000000
0.00000000
1.55399990
0.00000000
0.00000000
0.00000000
0.00000000
0.99999994
0.00000000
1.40267611
0.77700001
9.05465698
1.00000000
Prototype_GameObject_InteractObject
Layer_BackGround_Object
3
0
0
2
46
0.99999994
0.00000000
0.00000000
0.00000000
0.00000000
1.55399990
0.00000000
0.00000000
0.00000000
0.00000000
0.99999994
0.00000000
3.37832475
0.77700001
12.01139641
1.00000000
Prototype_GameObject_InteractObject
Layer_BackGround_Object
3
0
0
2
46
0.99999994
0.00000000
0.00000000
0.00000000
0.00000000
1.55399990
0.00000000
0.00000000
0.00000000
0.00000000
0.99999994
0.00000000
12.93140602
0.77700001
5.73734283
1.00000000
Prototype_GameObject_InteractObject
Layer_BackGround_Object
3
0
0
2
46
0.99999994
0.00000000
0.00000000
0.00000000
0.00000000
1.55399990
0.00000000
0.00000000
0.00000000
0.00000000
0.99999994
0.00000000
15.75021935
0.77700001
0.26589394
1.00000000
Prototype_GameObject_InteractObject
Layer_BackGround_Object
3
0
0
2
46
0.99999994
0.00000000
0.00000000
0.00000000
0.00000000
1.55399990
0.00000000
0.00000000
0.00000000
0.00000000
0.99999994
0.00000000
16.89599228
0.77700001
0.96122932
1.00000000
Prototype_GameObject_InteractObject
Layer_BackGround_Object
3
0
0
2
46
0.99999994
0.00000000
0.00000000
0.00000000
0.00000000
1.55399990
0.00000000
0.00000000
0.00000000
0.00000000
0.99999994
0.00000000
2.93413949
0.77700001
0.42684746
1.00000000
Prototype_GameObject_InteractObject
Layer_BackGround_Object
3
0
0
2
46
2.30399966
0.00000000
0.00000000
0.00000000
0.00000000
2.66299987
0.00000000
0.00000000
0.00000000
0.00000000
0.99999994
0.00000000
10.46069908
1.33150005
18.01680946
1.00000000
Prototype_GameObject_InteractObject
Layer_BackGround_Object
3
0
0
2
46
2.30399966
0.00000000
0.00000000
0.00000000
0.00000000
2.66299987
0.00000000
0.00000000
0.00000000
0.00000000
0.99999994
0.00000000
11.75477505
1.33150005
16.30152130
1.00000000
Prototype_GameObject_InteractObject
Layer_BackGround_Object
3
0
0
2
46
1.55399990
0.00000000
0.00000000
0.00000000
0.00000000
1.48899984
0.00000000
0.00000000
0.00000000
0.00000000
0.99999994
0.00000000
13.26611519
0.74449998
17.40311432
1.00000000
Prototype_GameObject_InteractObject
Layer_BackGround_Object
3
0
0
2
46
1.55399990
0.00000000
0.00000000
0.00000000
0.00000000
1.48899984
0.00000000
0.00000000
0.00000000
0.00000000
0.99999994
0.00000000
18.57705116
0.74449998
17.48530960
1.00000000
Prototype_GameObject_InteractObject
Layer_BackGround_Object
3
0
0
2
46
1.55399990
0.00000000
0.00000000
0.00000000
0.00000000
1.48899984
0.00000000
0.00000000
0.00000000
0.00000000
0.99999994
0.00000000
-48.95569992
0.74449998
51.38809967
1.00000000
Prototype_GameObject_InteractObject
Layer_BackGround_Object
3
0
0
2
47
0.99999994
0.00000000
0.00000000
0.00000000
0.00000000
0.99999994
0.00000000
0.00000000
0.00000000
0.00000000
0.99999994
0.00000000
4.68660688
0.50000000
4.86242008
1.00000000
Prototype_GameObject_InteractObject
Layer_BackGround_Object
3
0
0
2
47
0.99999994
0.00000000
0.00000000
0.00000000
0.00000000
0.99999994
0.00000000
0.00000000
0.00000000
0.00000000
0.99999994
0.00000000
3.35749245
0.50000000
0.10997391
1.00000000
Prototype_GameObject_InteractObject
Layer_BackGround_Object
3
0
0
2
47
0.99999994
0.00000000
0.00000000
0.00000000
0.00000000
0.99999994
0.00000000
0.00000000
0.00000000
0.00000000
0.99999994
0.00000000
14.02300835
0.50000000
3.61496067
1.00000000
Prototype_GameObject_InteractObject
Layer_BackGround_Object
3
0
0
2
47
0.99999994
0.00000000
0.00000000
0.00000000
0.00000000
0.99999994
0.00000000
0.00000000
0.00000000
0.00000000
0.99999994
0.00000000
1.75296474
0.50000000
8.13140011
1.00000000
Prototype_GameObject_InteractObject
Layer_BackGround_Object
3
0
0
2
47
0.99999994
0.00000000
0.00000000
0.00000000
0.00000000
0.99999994
0.00000000
0.00000000
0.00000000
0.00000000
0.99999994
0.00000000
0.50306726
0.50000000
9.08356953
1.00000000
Prototype_GameObject_InteractObject
Layer_BackGround_Object
3
0
0
2
47
0.99999994
0.00000000
0.00000000
0.00000000
0.00000000
0.99999994
0.00000000
0.00000000
0.00000000
0.00000000
0.99999994
0.00000000
2.99405575
0.50000000
11.09035587
1.00000000
Prototype_GameObject_InteractObject
Layer_BackGround_Object
3
0
0
2
47
0.99999994
0.00000000
0.00000000
0.00000000
0.00000000
0.99999994
0.00000000
0.00000000
0.00000000
0.00000000
0.99999994
0.00000000
8.78532124
0.50000000
17.05197525
1.00000000
Prototype_GameObject_InteractObject
Layer_BackGround_Object
3
0
0
2
47
0.99999994
0.00000000
0.00000000
0.00000000
0.00000000
0.99999994
0.00000000
0.00000000
0.00000000
0.00000000
0.99999994
0.00000000
18.51365471
0.50000000
16.47041702
1.00000000
Prototype_GameObject_InteractObject
Layer_BackGround_Object
3
0
0
2
47
0.99999994
0.00000000
0.00000000
0.00000000
0.00000000
0.99999994
0.00000000
0.00000000
0.00000000
0.00000000
0.99999994
0.00000000
15.04774570
0.50000000
8.72916889
1.00000000
Prototype_GameObject_InteractObject
Layer_BackGround_Object
3
0
0
2
47
0.99999994
0.00000000
0.00000000
0.00000000
0.00000000
0.99999994
0.00000000
0.00000000
0.00000000
0.00000000
0.99999994
0.00000000
17.84262848
0.50000000
0.85389614
1.00000000
Prototype_GameObject_InteractObject
Layer_BackGround_Object
3
0
0
2
47
0.99999994
0.00000000
0.00000000
0.00000000
0.00000000
0.99999994
0.00000000
0.00000000
0.00000000
0.00000000
0.99999994
0.00000000
16.30536842
0.50000000
0.59871674
1.00000000
Prototype_GameObject_InteractObject
Layer_BackGround_Object
3
0
0
2
47
0.99999994
0.00000000
0.00000000
0.00000000
0.00000000
0.99999994
0.00000000
0.00000000
0.00000000
0.00000000
0.99999994
0.00000000
5.09282637
0.50000000
10.46986961
1.00000000
Prototype_GameObject_InteractObject
Layer_BackGround_Object
3
0
0
2
47
0.99999994
0.00000000
0.00000000
0.00000000
0.00000000
0.99999994
0.00000000
0.00000000
0.00000000
0.00000000
0.99999994
0.00000000
4.13964272
0.50000000
8.39838028
1.00000000
Prototype_GameObject_InteractObject
Layer_BackGround_Object
3
0
0
2
47
0.99999994
0.00000000
0.00000000
0.00000000
0.00000000
0.99999994
0.00000000
0.00000000
0.00000000
0.00000000
0.99999994
0.00000000
15.29250908
0.50000000
7.79099941
1.00000000
Prototype_GameObject_InteractObject
Layer_BackGround_Object
3
0
0
2
47
0.99999994
0.00000000
0.00000000
0.00000000
0.00000000
0.99999994
0.00000000
0.00000000
0.00000000
0.00000000
0.99999994
0.00000000
18.36199570
0.50000000
3.36654282
1.00000000
Prototype_GameObject_InteractObject
Layer_BackGround_Object
3
0
0
2
47
0.99999994
0.00000000
0.00000000
0.00000000
0.00000000
0.99999994
0.00000000
0.00000000
0.00000000
0.00000000
0.99999994
0.00000000
18.39546204
0.50000000
2.87824345
1.00000000
