25
20
0
66
Prototype_GameObject_DecoObject
Layer_BackGround_Object
5
0
2
0
37
5.72799921
0.00000000
0.00000000
0.00000000
0.00000000
5.27199888
0.00000000
0.00000000
0.00000000
0.00000000
0.99999988
0.00000000
5.47157621
2.63599920
18.39630508
1.00000000
Prototype_GameObject_DecoObject
Layer_BackGround_Object
5
0
2
0
37
5.72799921
0.00000000
0.00000000
0.00000000
0.00000000
5.27199888
0.00000000
0.00000000
0.00000000
0.00000000
0.99999988
0.00000000
18.38653755
2.63599920
18.39653778
1.00000000
Prototype_GameObject_DecoObject
Layer_BackGround_Object
5
0
2
0
57
2.27199960
0.00000000
0.00000000
0.00000000
0.00000000
3.80499959
0.00000000
0.00000000
0.00000000
0.00000000
0.99999988
0.00000000
5.47231674
1.90249968
17.39926720
1.00000000
Prototype_GameObject_DecoObject
Layer_BackGround_Object
5
0
2
0
57
2.27199960
0.00000000
0.00000000
0.00000000
0.00000000
3.80499959
0.00000000
0.00000000
0.00000000
0.00000000
0.99999988
0.00000000
18.38955688
1.90249968
17.39955711
1.00000000
Prototype_GameObject_DecoObject
Layer_BackGround_Object
5
0
2
0
85
1.94599974
0.00000000
0.00000000
0.00000000
0.00000000
4.68499899
0.00000000
0.00000000
0.00000000
0.00000000
0.99999988
0.00000000
9.44699001
2.34249926
18.40398026
1.00000000
Prototype_GameObject_DecoObject
Layer_BackGround_Object
5
0
2
0
85
1.94599974
0.00000000
0.00000000
0.00000000
0.00000000
4.68499899
0.00000000
0.00000000
0.00000000
0.00000000
0.99999988
0.00000000
14.50000000
2.34249926
18.40412140
1.00000000
Prototype_GameObject_DecoObject
Layer_BackGround_Object
5
0
2
1
128
2.46699953
0.00000000
0.00000000
0.00000000
0.00000000
5.63099909
0.00000000
0.00000000
0.00000000
0.00000000
0.99999988
0.00000000
1.18853021
2.81549931
18.70631409
1.00000000
Prototype_GameObject_DecoObject
Layer_BackGround_Object
5
0
2
1
128
2.46699953
0.00000000
0.00000000
0.00000000
0.00000000
5.63099909
0.00000000
0.00000000
0.00000000
0.00000000
0.99999988
0.00000000
22.63260269
2.81549931
18.42740822
1.00000000
Prototype_GameObject_DecoObject
Layer_BackGround_Object
5
0
2
1
130
2.04299951
0.00000000
0.00000000
0.00000000
0.00000000
4.45699883
0.00000000
0.00000000
0.00000000
0.00000000
0.99999988
0.00000000
1.01046455
2.22849917
0.04812431
1.00000000
Prototype_GameObject_DecoObject
Layer_BackGround_Object
5
0
2
1
130
2.04299951
0.00000000
0.00000000
0.00000000
0.00000000
4.45699883
0.00000000
0.00000000
0.00000000
0.00000000
0.99999988
0.00000000
22.92878914
2.22849917
0.05343819
1.00000000
Prototype_GameObject_DecoObject
Layer_BackGround_Object
5
0
2
1
105
2.23899961
0.00000000
0.00000000
0.00000000
0.00000000
1.68499970
0.00000000
0.00000000
0.00000000
0.00000000
0.99999988
0.00000000
3.18326259
0.84249979
0.19208145
1.00000000
Prototype_GameObject_DecoObject
Layer_BackGround_Object
5
0
2
1
105
2.23899961
0.00000000
0.00000000
0.00000000
0.00000000
1.68499970
0.00000000
0.00000000
0.00000000
0.00000000
0.99999988
0.00000000
5.40058804
0.84249979
0.19145012
1.00000000
Prototype_GameObject_DecoObject
Layer_BackGround_Object
5
0
2
1
105
2.23899961
0.00000000
0.00000000
0.00000000
0.00000000
1.68499970
0.00000000
0.00000000
0.00000000
0.00000000
0.99999988
0.00000000
7.65091753
0.84249979
0.19082069
1.00000000
Prototype_GameObject_DecoObject
Layer_BackGround_Object
5
0
2
1
105
2.23899961
0.00000000
0.00000000
0.00000000
0.00000000
1.68499970
0.00000000
0.00000000
0.00000000
0.00000000
0.99999988
0.00000000
9.83539581
0.84249979
0.19019508
1.00000000
Prototype_GameObject_DecoObject
Layer_BackGround_Object
5
0
2
1
105
2.23899961
0.00000000
0.00000000
0.00000000
0.00000000
1.68499970
0.00000000
0.00000000
0.00000000
0.00000000
0.99999988
0.00000000
12.09214878
0.84249979
0.18956757
1.00000000
Prototype_GameObject_DecoObject
Layer_BackGround_Object
5
0
2
1
105
2.23899961
0.00000000
0.00000000
0.00000000
0.00000000
1.68499970
0.00000000
0.00000000
0.00000000
0.00000000
0.99999988
0.00000000
14.30292702
0.84249979
0.18894386
1.00000000
Prototype_GameObject_DecoObject
Layer_BackGround_Object
5
0
2
1
105
2.23899961
0.00000000
0.00000000
0.00000000
0.00000000
1.68499970
0.00000000
0.00000000
0.00000000
0.00000000
0.99999988
0.00000000
16.42897034
0.84249979
0.18832397
1.00000000
Prototype_GameObject_DecoObject
Layer_BackGround_Object
5
0
2
1
105
2.23899961
0.00000000
0.00000000
0.00000000
0.00000000
1.68499970
0.00000000
0.00000000
0.00000000
0.00000000
0.99999988
0.00000000
18.60649681
0.84249979
0.12338638
1.00000000
Prototype_GameObject_DecoObject
Layer_BackGround_Object
5
0
2
1
105
2.23899961
0.00000000
0.00000000
0.00000000
0.00000000
1.68499970
0.00000000
0.00000000
0.00000000
0.00000000
0.99999988
0.00000000
20.79479790
0.84249979
0.12286377
1.00000000
Prototype_GameObject_DecoObject
Layer_BackGround_Object
5
0
2
1
131
2.36899948
0.00000000
0.00000000
0.00000000
0.00000000
3.70699954
0.00000000
0.00000000
0.00000000
0.00000000
0.99999988
0.00000000
1.28467202
1.85349965
15.79263878
1.00000000
Prototype_GameObject_DecoObject
Layer_BackGround_Object
5
0
2
1
131
2.36899948
0.00000000
0.00000000
0.00000000
0.00000000
3.70699954
0.00000000
0.00000000
0.00000000
0.00000000
0.99999988
0.00000000
22.76506424
1.85349965
15.99999905
1.00000000
Prototype_GameObject_DecoObject
Layer_BackGround_Object
5
0
2
0
64
1.74899971
0.00000000
0.00000000
0.00000000
0.00000000
3.77199960
0.00000000
0.00000000
0.00000000
0.00000000
0.99999988
0.00000000
22.44315720
1.88599968
13.51000023
1.00000000
Prototype_GameObject_DecoObject
Layer_BackGround_Object
5
0
2
0
64
1.74899971
0.00000000
0.00000000
0.00000000
0.00000000
3.77199960
0.00000000
0.00000000
0.00000000
0.00000000
0.99999988
0.00000000
22.44339752
1.88599968
6.51000023
1.00000000
Prototype_GameObject_DecoObject
Layer_BackGround_Object
5
0
2
0
64
1.74899971
0.00000000
0.00000000
0.00000000
0.00000000
3.77199960
0.00000000
0.00000000
0.00000000
0.00000000
0.99999988
0.00000000
1.49651074
1.88599968
13.51000023
1.00000000
Prototype_GameObject_DecoObject
Layer_BackGround_Object
5
0
2
0
64
1.74899971
0.00000000
0.00000000
0.00000000
0.00000000
3.77199960
0.00000000
0.00000000
0.00000000
0.00000000
0.99999988
0.00000000
1.49652195
1.88599968
6.51000023
1.00000000
Prototype_GameObject_DecoObject
Layer_BackGround_Object
5
0
2
0
62
2.49899960
0.00000000
0.00000000
0.00000000
0.00000000
2.82599950
0.00000000
0.00000000
0.00000000
0.00000000
0.99999988
0.00000000
1.49665725
1.41299963
3.50999999
1.00000000
Prototype_GameObject_DecoObject
Layer_BackGround_Object
5
0
2
0
62
2.49899960
0.00000000
0.00000000
0.00000000
0.00000000
2.82599950
0.00000000
0.00000000
0.00000000
0.00000000
0.99999988
0.00000000
1.49666727
1.41299963
9.48333836
1.00000000
Prototype_GameObject_DecoObject
Layer_BackGround_Object
5
0
2
0
62
2.27199960
0.00000000
0.00000000
0.00000000
0.00000000
2.82599950
0.00000000
0.00000000
0.00000000
0.00000000
0.99999988
0.00000000
22.44801712
1.41299963
10.48400879
1.00000000
Prototype_GameObject_DecoObject
Layer_BackGround_Object
5
0
2
0
62
2.27199960
0.00000000
0.00000000
0.00000000
0.00000000
2.82599950
0.00000000
0.00000000
0.00000000
0.00000000
0.99999988
0.00000000
22.44863892
1.41299963
3.50999999
1.00000000
Prototype_GameObject_DecoObject
Layer_BackGround_Object
5
0
2
0
43
2.27199960
0.00000000
0.00000000
0.00000000
0.00000000
1.55399978
0.00000000
0.00000000
0.00000000
0.00000000
0.99999988
0.00000000
3.50000000
0.77699983
16.46192551
1.00000000
Prototype_GameObject_DecoObject
Layer_BackGround_Object
5
0
2
0
43
2.27199960
0.00000000
0.00000000
0.00000000
0.00000000
1.55399978
0.00000000
0.00000000
0.00000000
0.00000000
0.99999988
0.00000000
21.45247650
0.77699983
1.50999999
1.00000000
Prototype_GameObject_InteractObject
Layer_BackGround_Object
3
0
0
0
28
1.09799981
0.00000000
0.00000000
0.00000000
0.00000000
1.55399978
0.00000000
0.00000000
0.00000000
0.00000000
0.99999988
0.00000000
16.45506287
0.77699983
16.46506310
1.00000000
Prototype_GameObject_InteractObject
Layer_BackGround_Object
3
0
0
0
28
1.09799981
0.00000000
0.00000000
0.00000000
0.00000000
1.55399978
0.00000000
0.00000000
0.00000000
0.00000000
0.99999988
0.00000000
7.50000000
0.77699983
16.46573067
1.00000000
Prototype_GameObject_InteractObject
Layer_BackGround_Object
3
0
0
0
28
1.09799981
0.00000000
0.00000000
0.00000000
0.00000000
1.55399978
0.00000000
0.00000000
0.00000000
0.00000000
0.99999988
0.00000000
2.49450541
0.77699983
2.50450540
1.00000000
Prototype_GameObject_InteractObject
Layer_BackGround_Object
3
0
0
0
29
1.09799981
0.00000000
0.00000000
0.00000000
0.00000000
2.07599950
0.00000000
0.00000000
0.00000000
0.00000000
0.99999988
0.00000000
20.45776558
1.03799963
16.46776581
1.00000000
Prototype_GameObject_InteractObject
Layer_BackGround_Object
3
0
0
0
29
1.45599973
0.00000000
0.00000000
0.00000000
0.00000000
1.39099979
0.00000000
0.00000000
0.00000000
0.00000000
0.99999988
0.00000000
22.45881271
0.69549984
9.48940659
1.00000000
Prototype_GameObject_InteractObject
Layer_BackGround_Object
3
1
0
0
40
0.99999988
0.00000000
0.00000000
0.00000000
0.00000000
0.99999988
0.00000000
0.00000000
0.00000000
0.00000000
0.99999988
0.00000000
5.49015713
0.49999991
8.49031448
1.00000000
Prototype_GameObject_InteractObject
Layer_BackGround_Object
3
0
0
1
27
0.99999988
0.00000000
0.00000000
0.00000000
0.00000000
0.99999988
0.00000000
0.00000000
0.00000000
0.00000000
0.99999988
0.00000000
3.46054006
0.49999991
1.86985397
1.00000000
Prototype_GameObject_InteractObject
Layer_BackGround_Object
3
0
0
1
27
0.99999988
0.00000000
0.00000000
0.00000000
0.00000000
1.94599974
0.00000000
0.00000000
0.00000000
0.00000000
0.99999988
0.00000000
5.08042479
0.97299981
15.97974205
1.00000000
Prototype_GameObject_InteractObject
Layer_BackGround_Object
3
0
0
1
27
0.99999988
0.00000000
0.00000000
0.00000000
0.00000000
1.94599974
0.00000000
0.00000000
0.00000000
0.00000000
0.99999988
0.00000000
19.66840744
0.97299981
15.31352043
1.00000000
Prototype_GameObject_InteractObject
Layer_BackGround_Object
3
0
0
1
27
0.99999988
0.00000000
0.00000000
0.00000000
0.00000000
1.94599974
0.00000000
0.00000000
0.00000000
0.00000000
0.99999988
0.00000000
20.88362885
0.97299981
2.70510960
1.00000000
Prototype_GameObject_InteractObject
Layer_BackGround_Object
3
0
0
1
27
0.99999988
0.00000000
0.00000000
0.00000000
0.00000000
1.94599974
0.00000000
0.00000000
0.00000000
0.00000000
0.99999988
0.00000000
23.05244255
0.97299981
5.40465403
1.00000000
Prototype_GameObject_InteractObject
Layer_BackGround_Object
3
0
0
1
27
0.99999988
0.00000000
0.00000000
0.00000000
0.00000000
1.94599974
0.00000000
0.00000000
0.00000000
0.00000000
0.99999988
0.00000000
0.62473953
0.97299981
7.31264114
1.00000000
Prototype_GameObject_InteractObject
Layer_BackGround_Object
3
0
0
1
27
0.99999988
0.00000000
0.00000000
0.00000000
0.00000000
1.94599974
0.00000000
0.00000000
0.00000000
0.00000000
0.99999988
0.00000000
2.26914740
0.97299981
11.51820755
1.00000000
Prototype_GameObject_InteractObject
Layer_BackGround_Object
3
0
0
1
27
0.99999988
0.00000000
0.00000000
0.00000000
0.00000000
1.94599974
0.00000000
0.00000000
0.00000000
0.00000000
0.99999988
0.00000000
0.49144173
0.97299981
14.59916496
1.00000000
Prototype_GameObject_InteractObject
Layer_BackGround_Object
3
0
0
1
27
0.99999988
0.00000000
0.00000000
0.00000000
0.00000000
0.99999988
0.00000000
0.00000000
0.00000000
0.00000000
0.99999988
0.00000000
6.43481255
0.49999991
9.78267670
1.00000000
Prototype_GameObject_InteractObject
Layer_BackGround_Object
3
0
0
1
27
0.99999988
0.00000000
0.00000000
0.00000000
0.00000000
0.99999988
0.00000000
0.00000000
0.00000000
0.00000000
0.99999988
0.00000000
11.35575676
0.49999991
2.38025689
1.00000000
Prototype_GameObject_DecoObject
Layer_BackGround_Object
5
0
1
2
6
8.30499840
0.00000000
0.00000000
0.00000000
0.00000000
9.93499851
0.00000000
0.00000000
0.00000000
0.00000000
0.99999988
0.00000000
5.82038975
4.96750021
20.94679260
1.00000000
Prototype_GameObject_DecoObject
Layer_BackGround_Object
5
0
1
2
6
8.30499840
0.00000000
0.00000000
0.00000000
0.00000000
9.93499851
0.00000000
0.00000000
0.00000000
0.00000000
0.99999988
0.00000000
19.81821442
4.96750021
20.82220459
1.00000000
Prototype_GameObject_DecoObject
Layer_BackGround_Object
5
0
1
2
6
5.49999905
0.00000000
0.00000000
0.00000000
0.00000000
9.21799850
0.00000000
0.00000000
0.00000000
0.00000000
0.99999988
0.00000000
1.16941738
4.60900021
22.44720840
1.00000000
Prototype_GameObject_DecoObject
Layer_BackGround_Object
5
0
1
2
6
5.49999905
0.00000000
0.00000000
0.00000000
0.00000000
9.21799850
0.00000000
0.00000000
0.00000000
0.00000000
0.99999988
0.00000000
23.63666534
4.60900021
22.00660515
1.00000000
Prototype_GameObject_DecoObject
Layer_BackGround_Object
5
0
1
2
6
6.70699883
0.00000000
0.00000000
0.00000000
0.00000000
9.21799850
0.00000000
0.00000000
0.00000000
0.00000000
0.99999988
0.00000000
27.65066719
4.60900021
14.46156693
1.00000000
Prototype_GameObject_DecoObject
Layer_BackGround_Object
5
0
1
2
6
6.70699883
0.00000000
0.00000000
0.00000000
0.00000000
8.62999821
0.00000000
0.00000000
0.00000000
0.00000000
0.99999988
0.00000000
27.72983551
4.31500006
8.11794281
1.00000000
Prototype_GameObject_DecoObject
Layer_BackGround_Object
5
0
1
2
6
6.70699883
0.00000000
0.00000000
0.00000000
0.00000000
6.44599915
0.00000000
0.00000000
0.00000000
0.00000000
0.99999988
0.00000000
27.55112267
3.22300005
1.51657677
1.00000000
Prototype_GameObject_DecoObject
Layer_BackGround_Object
5
0
1
2
6
6.70699883
0.00000000
0.00000000
0.00000000
0.00000000
6.44599915
0.00000000
0.00000000
0.00000000
0.00000000
0.99999988
0.00000000
-3.84349871
3.22300005
1.61532784
1.00000000
Prototype_GameObject_DecoObject
Layer_BackGround_Object
5
0
1
2
6
6.70699883
0.00000000
0.00000000
0.00000000
0.00000000
8.14199829
0.00000000
0.00000000
0.00000000
0.00000000
0.99999988
0.00000000
-3.52861166
4.07100010
8.35849762
1.00000000
Prototype_GameObject_DecoObject
Layer_BackGround_Object
5
0
1
2
6
6.70699883
0.00000000
0.00000000
0.00000000
0.00000000
9.47899818
0.00000000
0.00000000
0.00000000
0.00000000
0.99999988
0.00000000
-3.27514791
4.73950005
16.16906357
1.00000000
Prototype_GameObject_DecoObject
Layer_BackGround_Object
5
0
2
2
56
2.62999964
0.00000000
0.00000000
0.00000000
0.00000000
5.85799885
0.00000000
0.00000000
0.00000000
0.00000000
0.99999988
0.00000000
-1.18579519
2.92899990
12.69026184
1.00000000
Prototype_GameObject_DecoObject
Layer_BackGround_Object
5
0
2
2
56
2.62999964
0.00000000
0.00000000
0.00000000
0.00000000
5.85799885
0.00000000
0.00000000
0.00000000
0.00000000
0.99999988
0.00000000
-1.25521314
2.92899990
5.21247101
1.00000000
Prototype_GameObject_DecoObject
Layer_BackGround_Object
5
0
2
2
56
2.62999964
0.00000000
0.00000000
0.00000000
0.00000000
5.85799885
0.00000000
0.00000000
0.00000000
0.00000000
0.99999988
0.00000000
24.98422050
2.92899990
11.45575333
1.00000000
Prototype_GameObject_DecoObject
Layer_BackGround_Object
5
0
2
2
56
2.62999964
0.00000000
0.00000000
0.00000000
0.00000000
5.85799885
0.00000000
0.00000000
0.00000000
0.00000000
0.99999988
0.00000000
24.72027779
2.92899990
4.86194897
1.00000000
Prototype_GameObject_DecoObject
Layer_BackGround_Object
5
0
2
2
110
3.99999952
0.00000000
0.00000000
0.00000000
0.00000000
6.57599926
0.00000000
0.00000000
0.00000000
0.00000000
0.99999988
0.00000000
25.93715286
3.28800011
9.60728741
1.00000000
Prototype_GameObject_DecoObject
Layer_BackGround_Object
5
0
2
2
110
3.99999952
0.00000000
0.00000000
0.00000000
0.00000000
6.57599926
0.00000000
0.00000000
0.00000000
0.00000000
0.99999988
0.00000000
25.97945404
3.28800011
17.73348618
1.00000000
Prototype_GameObject_DecoObject
Layer_BackGround_Object
5
0
2
2
54
3.99999952
0.00000000
0.00000000
0.00000000
0.00000000
6.57599926
0.00000000
0.00000000
0.00000000
0.00000000
0.99999988
0.00000000
-2.20397234
3.28800011
10.73930931
1.00000000
Prototype_GameObject_DecoObject
Layer_BackGround_Object
5
0
2
2
54
3.99999952
0.00000000
0.00000000
0.00000000
0.00000000
6.57599926
0.00000000
0.00000000
0.00000000
0.00000000
0.99999988
0.00000000
-2.15592432
3.28800011
3.78335381
1.00000000
Prototype_GameObject_DecoObject
Layer_BackGround_Object
5
1
2
0
15
6.99999952
0.00000000
0.00000000
0.00000000
0.00000000
0.99999994
0.00000000
0.00000000
0.00000000
0.00000000
6.99999952
0.00000000
12.50000000
0.49999994
9.50965786
1.00000000
