28
15
0
46
Prototype_GameObject_DecoObject
Layer_BackGround_Object
5
0
1
0
6
5.27199888
0.00000000
0.00000000
0.00000000
0.00000000
7.94599915
0.00000000
0.00000000
0.00000000
0.00000000
0.99999988
0.00000000
7.50000000
3.97299933
12.51000023
1.00000000
Prototype_GameObject_DecoObject
Layer_BackGround_Object
5
0
1
0
6
5.27199888
0.00000000
0.00000000
0.00000000
0.00000000
7.94599915
0.00000000
0.00000000
0.00000000
0.00000000
0.99999988
0.00000000
19.38184357
3.97299933
12.51000023
1.00000000
Prototype_GameObject_DecoObject
Layer_BackGround_Object
5
0
1
2
6
5.27199888
0.00000000
0.00000000
0.00000000
0.00000000
7.94599915
0.00000000
0.00000000
0.00000000
0.00000000
0.99999988
0.00000000
24.34902191
3.97300005
14.42188644
1.00000000
Prototype_GameObject_DecoObject
Layer_BackGround_Object
5
0
1
2
6
5.27199888
0.00000000
0.00000000
0.00000000
0.00000000
7.94599915
0.00000000
0.00000000
0.00000000
0.00000000
0.99999988
0.00000000
3.29167938
3.97300005
14.36190796
1.00000000
Prototype_GameObject_DecoObject
Layer_BackGround_Object
5
0
1
2
6
5.27199888
0.00000000
0.00000000
0.00000000
0.00000000
7.94599915
0.00000000
0.00000000
0.00000000
0.00000000
0.99999988
0.00000000
11.83396912
3.97300005
14.63039780
1.00000000
Prototype_GameObject_DecoObject
Layer_BackGround_Object
5
0
1
2
6
5.27199888
0.00000000
0.00000000
0.00000000
0.00000000
7.94599915
0.00000000
0.00000000
0.00000000
0.00000000
0.99999988
0.00000000
16.86693954
3.97300005
14.48552513
1.00000000
Prototype_GameObject_DecoObject
Layer_BackGround_Object
5
0
1
2
6
5.27199888
0.00000000
0.00000000
0.00000000
0.00000000
7.94599915
0.00000000
0.00000000
0.00000000
0.00000000
0.99999988
0.00000000
-2.99955511
3.97300005
11.58282185
1.00000000
Prototype_GameObject_DecoObject
Layer_BackGround_Object
5
0
1
2
6
5.27199888
0.00000000
0.00000000
0.00000000
0.00000000
7.94599915
0.00000000
0.00000000
0.00000000
0.00000000
0.99999988
0.00000000
-3.29368544
3.97300005
7.67879200
1.00000000
Prototype_GameObject_DecoObject
Layer_BackGround_Object
5
0
1
2
6
5.27199888
0.00000000
0.00000000
0.00000000
0.00000000
7.94599915
0.00000000
0.00000000
0.00000000
0.00000000
0.99999988
0.00000000
-3.14232254
3.97300005
3.35806370
1.00000000
Prototype_GameObject_DecoObject
Layer_BackGround_Object
5
0
1
2
6
3.80399942
0.00000000
0.00000000
0.00000000
0.00000000
5.95699883
0.00000000
0.00000000
0.00000000
0.00000000
0.99999988
0.00000000
-2.20699358
2.97849989
0.63264751
1.00000000
Prototype_GameObject_DecoObject
Layer_BackGround_Object
5
0
1
2
6
4.87999916
0.00000000
0.00000000
0.00000000
0.00000000
6.83699894
0.00000000
0.00000000
0.00000000
0.00000000
0.99999988
0.00000000
29.47741318
3.41849995
11.72481823
1.00000000
Prototype_GameObject_DecoObject
Layer_BackGround_Object
5
0
2
2
79
6.57599926
0.00000000
0.00000000
0.00000000
0.00000000
4.26099920
0.00000000
0.00000000
0.00000000
0.00000000
0.99999988
0.00000000
13.00811672
2.13050008
12.08595085
1.00000000
Prototype_GameObject_DecoObject
Layer_BackGround_Object
5
0
2
2
68
5.49999905
0.00000000
0.00000000
0.00000000
0.00000000
4.19599915
0.00000000
0.00000000
0.00000000
0.00000000
0.99999988
0.00000000
3.04418230
2.09800005
12.59792233
1.00000000
Prototype_GameObject_DecoObject
Layer_BackGround_Object
5
0
2
1
90
5.04299927
0.00000000
0.00000000
0.00000000
0.00000000
3.02199960
0.00000000
0.00000000
0.00000000
0.00000000
0.99999988
0.00000000
24.12972832
1.51099968
11.93336582
1.00000000
Prototype_GameObject_DecoObject
Layer_BackGround_Object
5
0
2
2
90
3.02199960
0.00000000
0.00000000
0.00000000
0.00000000
2.20699954
0.00000000
0.00000000
0.00000000
0.00000000
0.99999988
0.00000000
21.74459839
1.10350001
15.20355988
1.00000000
Prototype_GameObject_DecoObject
Layer_BackGround_Object
5
0
2
0
90
1.84799981
0.00000000
0.00000000
0.00000000
0.00000000
1.45699978
0.00000000
0.00000000
0.00000000
0.00000000
0.99999988
0.00000000
9.46683121
0.72849983
13.51000023
1.00000000
Prototype_GameObject_DecoObject
Layer_BackGround_Object
5
0
2
1
90
1.84799981
0.00000000
0.00000000
0.00000000
0.00000000
1.45699978
0.00000000
0.00000000
0.00000000
0.00000000
0.99999988
0.00000000
1.10871065
0.72849983
9.36626053
1.00000000
Prototype_GameObject_DecoObject
Layer_BackGround_Object
5
0
2
1
90
3.44599962
0.00000000
0.00000000
0.00000000
0.00000000
1.45699978
0.00000000
0.00000000
0.00000000
0.00000000
0.99999988
0.00000000
16.81249237
0.72849983
10.15668678
1.00000000
Prototype_GameObject_DecoObject
Layer_BackGround_Object
5
0
2
1
90
1.94599974
0.00000000
0.00000000
0.00000000
0.00000000
0.99999988
0.00000000
0.00000000
0.00000000
0.00000000
0.99999988
0.00000000
9.55274773
0.49999991
10.70645714
1.00000000
Prototype_GameObject_DecoObject
Layer_BackGround_Object
5
0
2
1
90
1.94599974
0.00000000
0.00000000
0.00000000
0.00000000
0.99999988
0.00000000
0.00000000
0.00000000
0.00000000
0.99999988
0.00000000
1.12400389
0.49999991
0.02365303
1.00000000
Prototype_GameObject_DecoObject
Layer_BackGround_Object
5
0
2
1
90
2.79299951
0.00000000
0.00000000
0.00000000
0.00000000
2.30399942
0.00000000
0.00000000
0.00000000
0.00000000
0.99999988
0.00000000
25.48307991
1.15199959
1.50043774
1.00000000
Prototype_GameObject_DecoObject
Layer_BackGround_Object
5
0
2
1
90
2.79299951
0.00000000
0.00000000
0.00000000
0.00000000
2.30399942
0.00000000
0.00000000
0.00000000
0.00000000
0.99999988
0.00000000
22.78254890
1.15199959
0.20444870
1.00000000
Prototype_GameObject_DecoObject
Layer_BackGround_Object
5
0
2
0
60
0.99999988
0.00000000
0.00000000
0.00000000
0.00000000
1.22799981
0.00000000
0.00000000
0.00000000
0.00000000
0.99999988
0.00000000
5.48891783
0.61399984
4.49891806
1.00000000
Prototype_GameObject_DecoObject
Layer_BackGround_Object
5
0
2
0
60
0.99999988
0.00000000
0.00000000
0.00000000
0.00000000
1.22799981
0.00000000
0.00000000
0.00000000
0.00000000
0.99999988
0.00000000
16.45607185
0.61399984
1.50999999
1.00000000
Prototype_GameObject_DecoObject
Layer_BackGround_Object
5
0
2
0
36
2.20699954
0.00000000
0.00000000
0.00000000
0.00000000
3.90199947
0.00000000
0.00000000
0.00000000
0.00000000
0.99999988
0.00000000
3.50000000
1.95099962
11.49004078
1.00000000
Prototype_GameObject_DecoObject
Layer_BackGround_Object
5
0
2
0
36
2.20699954
0.00000000
0.00000000
0.00000000
0.00000000
3.90199947
0.00000000
0.00000000
0.00000000
0.00000000
0.99999988
0.00000000
21.46045303
1.95099962
10.49022675
1.00000000
Prototype_GameObject_DecoObject
Layer_BackGround_Object
5
0
2
0
35
1.74999976
0.00000000
0.00000000
0.00000000
0.00000000
3.18499947
0.00000000
0.00000000
0.00000000
0.00000000
0.99999988
0.00000000
13.50000000
1.59249961
0.50885069
1.00000000
Prototype_GameObject_DecoObject
Layer_BackGround_Object
5
0
2
0
36
2.98899961
0.00000000
0.00000000
0.00000000
0.00000000
4.29399920
0.00000000
0.00000000
0.00000000
0.00000000
0.99999988
0.00000000
12.50000000
2.14699936
10.49236584
1.00000000
Prototype_GameObject_DecoObject
Layer_BackGround_Object
5
0
2
1
0
1.81499982
0.00000000
0.00000000
0.00000000
0.00000000
2.46799946
0.00000000
0.00000000
0.00000000
0.00000000
0.99999988
0.00000000
2.17352843
1.23399961
10.94620991
1.00000000
Prototype_GameObject_DecoObject
Layer_BackGround_Object
5
0
2
1
0
1.16199970
0.00000000
0.00000000
0.00000000
0.00000000
1.87999976
0.00000000
0.00000000
0.00000000
0.00000000
0.99999988
0.00000000
25.24061203
0.93999982
0.52410489
1.00000000
Prototype_GameObject_DecoObject
Layer_BackGround_Object
5
0
2
1
61
1.61899972
0.00000000
0.00000000
0.00000000
0.00000000
1.87999976
0.00000000
0.00000000
0.00000000
0.00000000
0.99999988
0.00000000
23.42262268
0.93999982
9.50867748
1.00000000
Prototype_GameObject_DecoObject
Layer_BackGround_Object
5
0
2
1
61
1.61899972
0.00000000
0.00000000
0.00000000
0.00000000
1.87999976
0.00000000
0.00000000
0.00000000
0.00000000
0.99999988
0.00000000
10.49817753
0.93999982
9.51597881
1.00000000
Prototype_GameObject_DecoObject
Layer_BackGround_Object
5
0
2
1
61
1.61899972
0.00000000
0.00000000
0.00000000
0.00000000
1.87999976
0.00000000
0.00000000
0.00000000
0.00000000
0.99999988
0.00000000
4.97139931
0.93999982
5.14861059
1.00000000
Prototype_GameObject_DecoObject
Layer_BackGround_Object
5
0
2
1
43
1.61899972
0.00000000
0.00000000
0.00000000
0.00000000
1.22799981
0.00000000
0.00000000
0.00000000
0.00000000
0.99999988
0.00000000
25.92168999
0.61399984
0.75384903
1.00000000
Prototype_GameObject_DecoObject
Layer_BackGround_Object
5
0
2
1
43
1.61899972
0.00000000
0.00000000
0.00000000
0.00000000
1.22799981
0.00000000
0.00000000
0.00000000
0.00000000
0.99999988
0.00000000
15.88119030
0.61399984
0.94400406
1.00000000
Prototype_GameObject_DecoObject
Layer_BackGround_Object
5
0
2
0
2
0.99999988
0.00000000
0.00000000
0.00000000
0.00000000
1.61999977
0.00000000
0.00000000
0.00000000
0.00000000
0.99999988
0.00000000
2.49750757
0.80999982
1.50999999
1.00000000
Prototype_GameObject_DecoObject
Layer_BackGround_Object
5
0
2
0
2
0.99999988
0.00000000
0.00000000
0.00000000
0.00000000
1.61999977
0.00000000
0.00000000
0.00000000
0.00000000
0.99999988
0.00000000
21.48050308
0.80999982
1.50999999
1.00000000
Prototype_GameObject_DecoObject
Layer_BackGround_Object
5
0
2
0
2
0.99999988
0.00000000
0.00000000
0.00000000
0.00000000
1.61999977
0.00000000
0.00000000
0.00000000
0.00000000
0.99999988
0.00000000
5.49530506
0.80999982
9.50061035
1.00000000
Prototype_GameObject_DecoObject
Layer_BackGround_Object
5
0
2
2
56
3.02199960
0.00000000
0.00000000
0.00000000
0.00000000
6.54299927
0.00000000
0.00000000
0.00000000
0.00000000
0.99999988
0.00000000
-1.10997200
3.27150011
10.04134464
1.00000000
Prototype_GameObject_DecoObject
Layer_BackGround_Object
5
0
2
2
56
3.02199960
0.00000000
0.00000000
0.00000000
0.00000000
6.54299927
0.00000000
0.00000000
0.00000000
0.00000000
0.99999988
0.00000000
-1.22459936
3.27150011
2.99725437
1.00000000
Prototype_GameObject_DecoObject
Layer_BackGround_Object
5
0
2
2
56
3.02199960
0.00000000
0.00000000
0.00000000
0.00000000
6.54299927
0.00000000
0.00000000
0.00000000
0.00000000
0.99999988
0.00000000
27.93050957
3.27150011
10.74108601
1.00000000
Prototype_GameObject_DecoObject
Layer_BackGround_Object
5
0
2
2
56
3.02199960
0.00000000
0.00000000
0.00000000
0.00000000
6.54299927
0.00000000
0.00000000
0.00000000
0.00000000
0.99999988
0.00000000
28.13178635
3.27150011
3.09097385
1.00000000
Prototype_GameObject_DecoObject
Layer_BackGround_Object
5
0
2
2
73
1.68499982
0.00000000
0.00000000
0.00000000
0.00000000
3.54299974
0.00000000
0.00000000
0.00000000
0.00000000
0.99999994
0.00000000
-0.59959269
1.77149999
8.24976730
1.00000000
Prototype_GameObject_DecoObject
Layer_BackGround_Object
5
0
2
2
73
1.68499982
0.00000000
0.00000000
0.00000000
0.00000000
3.54299974
0.00000000
0.00000000
0.00000000
0.00000000
0.99999994
0.00000000
-0.96663332
1.77149999
4.93056870
1.00000000
Prototype_GameObject_DecoObject
Layer_BackGround_Object
5
0
2
2
73
1.68499982
0.00000000
0.00000000
0.00000000
0.00000000
3.54299974
0.00000000
0.00000000
0.00000000
0.00000000
0.99999994
0.00000000
27.84729576
1.77149999
9.43776321
1.00000000
Prototype_GameObject_DecoObject
Layer_BackGround_Object
5
0
2
2
73
1.68499982
0.00000000
0.00000000
0.00000000
0.00000000
3.54299974
0.00000000
0.00000000
0.00000000
0.00000000
0.99999994
0.00000000
28.17417526
1.77149999
1.80176353
1.00000000
