20
20
0
69
Prototype_GameObject_DecoObject
Layer_BackGround_Object
5
0
3
0
28
2.14099956
0.00000000
0.00000000
0.00000000
0.00000000
2.04299951
0.00000000
0.00000000
0.00000000
0.00000000
0.99999988
0.00000000
9.41882229
1.02149963
3.50999999
1.00000000
Prototype_GameObject_DecoObject
Layer_BackGround_Object
5
0
3
0
21
2.04299951
0.00000000
0.00000000
0.00000000
0.00000000
1.42399979
0.00000000
0.00000000
0.00000000
0.00000000
0.99999988
0.00000000
9.42548847
0.71199983
5.47274446
1.00000000
Prototype_GameObject_DecoObject
Layer_BackGround_Object
5
1
3
0
20
5.27199888
0.00000000
0.00000000
0.00000000
0.00000000
1.42399979
0.00000000
0.00000000
0.00000000
0.00000000
1.61999977
0.00000000
9.42967987
0.71199983
6.51000023
1.00000000
Prototype_GameObject_DecoObject
Layer_BackGround_Object
5
1
3
1
17
3.54299951
0.00000000
0.00000000
0.00000000
0.00000000
1.42399979
0.00000000
0.00000000
0.00000000
0.00000000
1.06499982
0.00000000
6.82996511
0.71199983
7.87126732
1.00000000
Prototype_GameObject_DecoObject
Layer_BackGround_Object
5
1
3
1
17
3.54299951
0.00000000
0.00000000
0.00000000
0.00000000
1.42399979
0.00000000
0.00000000
0.00000000
0.00000000
1.06499982
0.00000000
12.07507706
0.71199983
7.95396996
1.00000000
Prototype_GameObject_DecoObject
Layer_BackGround_Object
5
0
3
0
16
1.91299975
0.00000000
0.00000000
0.00000000
0.00000000
1.81499982
0.00000000
0.00000000
0.00000000
0.00000000
1.06499982
0.00000000
11.44108200
0.90749985
5.48054123
1.00000000
Prototype_GameObject_DecoObject
Layer_BackGround_Object
5
0
3
0
16
1.91299975
0.00000000
0.00000000
0.00000000
0.00000000
1.81499982
0.00000000
0.00000000
0.00000000
0.00000000
1.06499982
0.00000000
7.50000000
0.90749985
5.48057842
1.00000000
Prototype_GameObject_DecoObject
Layer_BackGround_Object
5
0
3
0
16
3.51099944
0.00000000
0.00000000
0.00000000
0.00000000
4.29299927
0.00000000
0.00000000
0.00000000
0.00000000
1.06499982
0.00000000
15.50000000
2.14649940
13.51000023
1.00000000
Prototype_GameObject_DecoObject
Layer_BackGround_Object
5
0
3
0
16
3.51099944
0.00000000
0.00000000
0.00000000
0.00000000
4.29299927
0.00000000
0.00000000
0.00000000
0.00000000
1.06499982
0.00000000
3.50000000
2.14649940
13.51000023
1.00000000
Prototype_GameObject_DecoObject
Layer_BackGround_Object
5
0
3
0
14
1.55399978
0.00000000
0.00000000
0.00000000
0.00000000
2.10899949
0.00000000
0.00000000
0.00000000
0.00000000
1.06499982
0.00000000
15.50000000
1.05449963
10.45456886
1.00000000
Prototype_GameObject_DecoObject
Layer_BackGround_Object
5
0
2
0
18
2.76099944
0.00000000
0.00000000
0.00000000
0.00000000
7.45699883
0.00000000
0.00000000
0.00000000
0.00000000
1.06499982
0.00000000
5.47381306
3.72849917
15.51000023
1.00000000
Prototype_GameObject_DecoObject
Layer_BackGround_Object
5
0
2
0
18
2.76099944
0.00000000
0.00000000
0.00000000
0.00000000
7.45699883
0.00000000
0.00000000
0.00000000
0.00000000
1.06499982
0.00000000
13.50000000
3.72849917
15.51000023
1.00000000
Prototype_GameObject_DecoObject
Layer_BackGround_Object
5
0
3
1
19
3.83699942
0.00000000
0.00000000
0.00000000
0.00000000
4.71699905
0.00000000
0.00000000
0.00000000
0.00000000
1.06499982
0.00000000
7.62176704
2.35849929
18.15644836
1.00000000
Prototype_GameObject_DecoObject
Layer_BackGround_Object
5
0
3
1
19
3.83699942
0.00000000
0.00000000
0.00000000
0.00000000
4.71699905
0.00000000
0.00000000
0.00000000
0.00000000
1.06499982
0.00000000
14.25716400
2.35849929
16.31064034
1.00000000
Prototype_GameObject_DecoObject
Layer_BackGround_Object
5
0
3
1
19
2.85899949
0.00000000
0.00000000
0.00000000
0.00000000
4.71699905
0.00000000
0.00000000
0.00000000
0.00000000
1.06499982
0.00000000
1.51571751
2.35849929
16.38159180
1.00000000
Prototype_GameObject_DecoObject
Layer_BackGround_Object
5
0
3
1
19
5.30399895
0.00000000
0.00000000
0.00000000
0.00000000
8.14099789
0.00000000
0.00000000
0.00000000
0.00000000
1.06499982
0.00000000
3.35528731
4.07049847
18.23671913
1.00000000
Prototype_GameObject_DecoObject
Layer_BackGround_Object
5
0
3
1
19
8.89099789
0.00000000
0.00000000
0.00000000
0.00000000
8.14099789
0.00000000
0.00000000
0.00000000
0.00000000
1.06499982
0.00000000
14.24827290
4.07049847
18.12073898
1.00000000
Prototype_GameObject_DecoObject
Layer_BackGround_Object
5
0
3
2
19
9.77199841
0.00000000
0.00000000
0.00000000
0.00000000
9.99999809
0.00000000
0.00000000
0.00000000
0.00000000
1.06499982
0.00000000
10.08415985
5.00000000
20.69744873
1.00000000
Prototype_GameObject_DecoObject
Layer_BackGround_Object
5
0
3
2
19
6.83699894
0.00000000
0.00000000
0.00000000
0.00000000
6.31499910
0.00000000
0.00000000
0.00000000
0.00000000
1.06499982
0.00000000
19.95688629
3.15750003
19.92843628
1.00000000
Prototype_GameObject_DecoObject
Layer_BackGround_Object
5
0
3
2
19
6.83699894
0.00000000
0.00000000
0.00000000
0.00000000
7.91299915
0.00000000
0.00000000
0.00000000
0.00000000
1.06499982
0.00000000
-0.46160746
3.95650005
19.91152954
1.00000000
Prototype_GameObject_InteractObject
Layer_BackGround_Object
3
0
0
0
37
0.99999988
0.00000000
0.00000000
0.00000000
0.00000000
0.99999988
0.00000000
0.00000000
0.00000000
0.00000000
1.06499982
0.00000000
13.50000000
0.49999991
2.49926591
1.00000000
Prototype_GameObject_InteractObject
Layer_BackGround_Object
3
0
0
0
36
0.99999988
0.00000000
0.00000000
0.00000000
0.00000000
0.99999988
0.00000000
0.00000000
0.00000000
0.00000000
1.06499982
0.00000000
14.50000000
0.49999991
3.50999999
1.00000000
Prototype_GameObject_InteractObject
Layer_BackGround_Object
3
0
0
0
34
2.01099944
0.00000000
0.00000000
0.00000000
0.00000000
2.10899949
0.00000000
0.00000000
0.00000000
0.00000000
1.06499982
0.00000000
17.41758728
1.05449963
15.51000023
1.00000000
Prototype_GameObject_InteractObject
Layer_BackGround_Object
3
0
0
0
34
2.01099944
0.00000000
0.00000000
0.00000000
0.00000000
2.10899949
0.00000000
0.00000000
0.00000000
0.00000000
1.06499982
0.00000000
0.49999997
1.05449963
14.51000023
1.00000000
Prototype_GameObject_InteractObject
Layer_BackGround_Object
3
0
0
0
34
2.01099944
0.00000000
0.00000000
0.00000000
0.00000000
2.10899949
0.00000000
0.00000000
0.00000000
0.00000000
1.06499982
0.00000000
18.41808510
1.05449963
14.51000023
1.00000000
Prototype_GameObject_InteractObject
Layer_BackGround_Object
3
0
0
0
34
3.21699953
0.00000000
0.00000000
0.00000000
0.00000000
2.82599950
0.00000000
0.00000000
0.00000000
0.00000000
1.06499982
0.00000000
1.49493515
1.41299963
15.51000023
1.00000000
Prototype_GameObject_InteractObject
Layer_BackGround_Object
3
0
0
0
35
1.32499981
0.00000000
0.00000000
0.00000000
0.00000000
1.97799981
0.00000000
0.00000000
0.00000000
0.00000000
1.06499982
0.00000000
17.42104721
0.98899984
0.50753272
1.00000000
Prototype_GameObject_InteractObject
Layer_BackGround_Object
3
1
0
0
39
1.19499981
0.00000000
0.00000000
0.00000000
0.00000000
1.68499970
0.00000000
0.00000000
0.00000000
0.00000000
1.06499982
0.00000000
3.50000000
0.84249979
5.49075317
1.00000000
Prototype_GameObject_InteractObject
Layer_BackGround_Object
3
1
0
0
39
1.19499981
0.00000000
0.00000000
0.00000000
0.00000000
1.68499970
0.00000000
0.00000000
0.00000000
0.00000000
1.06499982
0.00000000
6.50000000
0.84249979
0.50760514
1.00000000
Prototype_GameObject_InteractObject
Layer_BackGround_Object
3
1
0
0
39
1.19499981
0.00000000
0.00000000
0.00000000
0.00000000
1.68499970
0.00000000
0.00000000
0.00000000
0.00000000
1.06499982
0.00000000
16.42352867
0.84249979
6.51000023
1.00000000
Prototype_GameObject_InteractObject
Layer_BackGround_Object
3
1
0
0
39
1.19499981
0.00000000
0.00000000
0.00000000
0.00000000
1.68499970
0.00000000
0.00000000
0.00000000
0.00000000
1.06499982
0.00000000
6.50000000
0.84249979
13.51000023
1.00000000
Prototype_GameObject_InteractObject
Layer_BackGround_Object
3
0
0
0
29
1.81499982
0.00000000
0.00000000
0.00000000
0.00000000
1.68499970
0.00000000
0.00000000
0.00000000
0.00000000
1.06499982
0.00000000
1.49541545
0.84249979
13.51000023
1.00000000
Prototype_GameObject_InteractObject
Layer_BackGround_Object
3
0
0
0
29
1.09799981
0.00000000
0.00000000
0.00000000
0.00000000
1.16299975
0.00000000
0.00000000
0.00000000
0.00000000
1.06499982
0.00000000
1.49549198
0.58149981
1.50999999
1.00000000
Prototype_GameObject_InteractObject
Layer_BackGround_Object
3
0
0
0
29
1.09799981
0.00000000
0.00000000
0.00000000
0.00000000
1.16299975
0.00000000
0.00000000
0.00000000
0.00000000
1.06499982
0.00000000
16.42830849
0.58149981
1.50999999
1.00000000
Prototype_GameObject_InteractObject
Layer_BackGround_Object
3
0
0
0
29
1.09799981
0.00000000
0.00000000
0.00000000
0.00000000
1.16299975
0.00000000
0.00000000
0.00000000
0.00000000
1.06499982
0.00000000
14.50000000
0.58149981
11.47428226
1.00000000
Prototype_GameObject_InteractObject
Layer_BackGround_Object
3
0
0
0
29
1.09799981
0.00000000
0.00000000
0.00000000
0.00000000
1.16299975
0.00000000
0.00000000
0.00000000
0.00000000
1.06499982
0.00000000
5.48225641
0.58149981
7.51000023
1.00000000
Prototype_GameObject_DecoObject
Layer_BackGround_Object
5
0
2
0
90
3.02199960
0.00000000
0.00000000
0.00000000
0.00000000
1.39099979
0.00000000
0.00000000
0.00000000
0.00000000
1.06499982
0.00000000
14.50000000
0.69549984
0.50796348
1.00000000
Prototype_GameObject_DecoObject
Layer_BackGround_Object
5
0
2
0
90
1.87999976
0.00000000
0.00000000
0.00000000
0.00000000
1.39099979
0.00000000
0.00000000
0.00000000
0.00000000
1.06499982
0.00000000
3.50000000
0.69549984
0.50799197
1.00000000
Prototype_GameObject_DecoObject
Layer_BackGround_Object
5
0
2
0
90
3.21699953
0.00000000
0.00000000
0.00000000
0.00000000
2.10899949
0.00000000
0.00000000
0.00000000
0.00000000
1.06499982
0.00000000
2.49215221
1.05449963
14.51000023
1.00000000
Prototype_GameObject_DecoObject
Layer_BackGround_Object
5
0
2
0
90
3.21699953
0.00000000
0.00000000
0.00000000
0.00000000
2.10899949
0.00000000
0.00000000
0.00000000
0.00000000
1.06499982
0.00000000
17.43764496
1.05449963
13.51000023
1.00000000
Prototype_GameObject_DecoObject
Layer_BackGround_Object
5
0
2
0
90
2.20599961
0.00000000
0.00000000
0.00000000
0.00000000
1.42399979
0.00000000
0.00000000
0.00000000
0.00000000
1.06499982
0.00000000
18.43835449
0.71199983
11.47917747
1.00000000
Prototype_GameObject_DecoObject
Layer_BackGround_Object
5
0
2
0
90
2.20599961
0.00000000
0.00000000
0.00000000
0.00000000
1.42399979
0.00000000
0.00000000
0.00000000
0.00000000
1.06499982
0.00000000
9.46941853
0.71199983
16.44883728
1.00000000
Prototype_GameObject_DecoObject
Layer_BackGround_Object
5
0
2
0
90
2.20599961
0.00000000
0.00000000
0.00000000
0.00000000
1.42399979
0.00000000
0.00000000
0.00000000
0.00000000
1.06499982
0.00000000
6.50000000
0.71199983
11.47960567
1.00000000
Prototype_GameObject_DecoObject
Layer_BackGround_Object
5
0
1
2
6
6.96699905
0.00000000
0.00000000
0.00000000
0.00000000
9.99999809
0.00000000
0.00000000
0.00000000
0.00000000
1.06499982
0.00000000
-3.51751804
5.00000000
14.42271423
1.00000000
Prototype_GameObject_DecoObject
Layer_BackGround_Object
5
0
1
2
6
6.96699905
0.00000000
0.00000000
0.00000000
0.00000000
9.99999809
0.00000000
0.00000000
0.00000000
0.00000000
1.06499982
0.00000000
21.12845039
5.00000000
15.90784073
1.00000000
Prototype_GameObject_DecoObject
Layer_BackGround_Object
5
0
1
2
6
6.96699905
0.00000000
0.00000000
0.00000000
0.00000000
9.99999809
0.00000000
0.00000000
0.00000000
0.00000000
1.06499982
0.00000000
22.37250519
5.00000000
9.64267540
1.00000000
Prototype_GameObject_DecoObject
Layer_BackGround_Object
5
0
1
2
6
6.11899900
0.00000000
0.00000000
0.00000000
0.00000000
8.14099789
0.00000000
0.00000000
0.00000000
0.00000000
1.06499982
0.00000000
21.85099792
4.07049990
4.96912956
1.00000000
Prototype_GameObject_DecoObject
Layer_BackGround_Object
5
0
1
2
6
6.11899900
0.00000000
0.00000000
0.00000000
0.00000000
7.68399906
0.00000000
0.00000000
0.00000000
0.00000000
1.06499982
0.00000000
21.98719788
3.84200001
0.24661636
1.00000000
Prototype_GameObject_DecoObject
Layer_BackGround_Object
5
0
1
2
6
6.11899900
0.00000000
0.00000000
0.00000000
0.00000000
8.69499779
0.00000000
0.00000000
0.00000000
0.00000000
1.06499982
0.00000000
-3.42835951
4.34749985
5.93589211
1.00000000
Prototype_GameObject_DecoObject
Layer_BackGround_Object
5
0
2
2
68
6.11899900
0.00000000
0.00000000
0.00000000
0.00000000
8.69499779
0.00000000
0.00000000
0.00000000
0.00000000
1.06499982
0.00000000
-2.87215090
4.34749985
9.86066055
1.00000000
Prototype_GameObject_DecoObject
Layer_BackGround_Object
5
0
2
2
68
6.11899900
0.00000000
0.00000000
0.00000000
0.00000000
8.69499779
0.00000000
0.00000000
0.00000000
0.00000000
1.06499982
0.00000000
22.15299797
4.34749985
13.48660660
1.00000000
Prototype_GameObject_DecoObject
Layer_BackGround_Object
5
0
2
2
73
1.81599975
0.00000000
0.00000000
0.00000000
0.00000000
3.70699954
0.00000000
0.00000000
0.00000000
0.00000000
1.06499982
0.00000000
19.96361923
1.85350001
2.87102127
1.00000000
Prototype_GameObject_DecoObject
Layer_BackGround_Object
5
0
2
2
73
1.81599975
0.00000000
0.00000000
0.00000000
0.00000000
3.70699954
0.00000000
0.00000000
0.00000000
0.00000000
1.06499982
0.00000000
19.77015305
1.85350001
6.90966225
1.00000000
Prototype_GameObject_DecoObject
Layer_BackGround_Object
5
0
2
2
73
1.81599975
0.00000000
0.00000000
0.00000000
0.00000000
3.70699954
0.00000000
0.00000000
0.00000000
0.00000000
1.06499982
0.00000000
-0.86089879
1.85350001
17.92538452
1.00000000
Prototype_GameObject_DecoObject
Layer_BackGround_Object
5
0
2
1
90
3.15299964
0.00000000
0.00000000
0.00000000
0.00000000
2.07699943
0.00000000
0.00000000
0.00000000
0.00000000
1.06499982
0.00000000
2.02695274
1.03849959
11.13145733
1.00000000
Prototype_GameObject_InteractObject
Layer_BackGround_Object
3
0
0
1
24
1.42299974
0.00000000
0.00000000
0.00000000
0.00000000
1.13099980
0.00000000
0.00000000
0.00000000
0.00000000
1.06499982
0.00000000
18.13530540
0.56549984
9.60558987
1.00000000
Prototype_GameObject_InteractObject
Layer_BackGround_Object
3
0
0
1
24
1.42299974
0.00000000
0.00000000
0.00000000
0.00000000
1.13099980
0.00000000
0.00000000
0.00000000
0.00000000
1.06499982
0.00000000
18.19761658
0.56549984
8.59245300
1.00000000
Prototype_GameObject_InteractObject
Layer_BackGround_Object
3
0
0
1
24
1.42299974
0.00000000
0.00000000
0.00000000
0.00000000
1.13099980
0.00000000
0.00000000
0.00000000
0.00000000
1.06499982
0.00000000
18.16615486
0.56549984
7.25279999
1.00000000
Prototype_GameObject_InteractObject
Layer_BackGround_Object
3
0
0
1
24
1.42299974
0.00000000
0.00000000
0.00000000
0.00000000
1.13099980
0.00000000
0.00000000
0.00000000
0.00000000
1.06499982
0.00000000
18.01707840
0.56549984
5.79016495
1.00000000
Prototype_GameObject_InteractObject
Layer_BackGround_Object
3
0
0
1
24
1.42299974
0.00000000
0.00000000
0.00000000
0.00000000
1.13099980
0.00000000
0.00000000
0.00000000
0.00000000
1.06499982
0.00000000
17.99219131
0.56549984
4.59021187
1.00000000
Prototype_GameObject_InteractObject
Layer_BackGround_Object
3
0
0
1
24
1.42299974
0.00000000
0.00000000
0.00000000
0.00000000
1.13099980
0.00000000
0.00000000
0.00000000
0.00000000
1.06499982
0.00000000
18.09680939
0.56549984
3.54019356
1.00000000
Prototype_GameObject_InteractObject
Layer_BackGround_Object
3
0
0
1
24
1.42299974
0.00000000
0.00000000
0.00000000
0.00000000
1.13099980
0.00000000
0.00000000
0.00000000
0.00000000
1.06499982
0.00000000
17.97936821
0.56549984
2.67886662
1.00000000
Prototype_GameObject_InteractObject
Layer_BackGround_Object
3
0
0
1
24
1.42299974
0.00000000
0.00000000
0.00000000
0.00000000
1.13099980
0.00000000
0.00000000
0.00000000
0.00000000
1.06499982
0.00000000
0.80061698
0.56549984
9.28765297
1.00000000
Prototype_GameObject_InteractObject
Layer_BackGround_Object
3
0
0
1
24
1.42299974
0.00000000
0.00000000
0.00000000
0.00000000
1.13099980
0.00000000
0.00000000
0.00000000
0.00000000
1.06499982
0.00000000
0.68157250
0.56549984
12.61500931
1.00000000
Prototype_GameObject_InteractObject
Layer_BackGround_Object
3
0
0
1
24
1.42299974
0.00000000
0.00000000
0.00000000
0.00000000
1.13099980
0.00000000
0.00000000
0.00000000
0.00000000
1.06499982
0.00000000
0.76485944
0.56549984
0.40190697
1.00000000
Prototype_GameObject_DecoObject
Layer_BackGround_Object
5
0
3
0
31
7.97799969
0.00000000
0.00000000
0.00000000
0.00000000
7.87999964
0.00000000
0.00000000
0.00000000
0.00000000
0.99999994
0.00000000
9.49543476
3.93999958
8.50543499
1.00000000
Prototype_GameObject_DecoObject
Layer_BackGround_Object
5
0
3
0
22
7.12999964
0.00000000
0.00000000
0.00000000
0.00000000
3.24999976
0.00000000
0.00000000
0.00000000
0.00000000
0.99999994
0.00000000
9.49680519
1.62499976
9.50680542
1.00000000
Prototype_GameObject_DecoObject
Layer_BackGround_Object
5
0
3
0
16
2.43399978
0.00000000
0.00000000
0.00000000
0.00000000
3.24999976
0.00000000
0.00000000
0.00000000
0.00000000
0.99999994
0.00000000
4.49948406
1.62499976
9.50896835
1.00000000
Prototype_GameObject_DecoObject
Layer_BackGround_Object
5
0
3
0
16
2.43399978
0.00000000
0.00000000
0.00000000
0.00000000
3.24999976
0.00000000
0.00000000
0.00000000
0.00000000
0.99999994
0.00000000
14.50000000
1.62499976
9.50914001
1.00000000
