18
13
0
48
Prototype_GameObject_DecoObject
Layer_BackGround_Object
5
0
2
1
42
6.18499947
0.00000000
0.00000000
0.00000000
0.00000000
5.46699953
0.00000000
0.00000000
0.00000000
0.00000000
0.99999994
0.00000000
3.06756592
2.73349953
11.51415443
1.00000000
Prototype_GameObject_DecoObject
Layer_BackGround_Object
5
0
2
0
16
1.26099992
0.00000000
0.00000000
0.00000000
0.00000000
3.47799969
0.00000000
0.00000000
0.00000000
0.00000000
0.99999994
0.00000000
6.50000000
1.73899972
11.46906948
1.00000000
Prototype_GameObject_DecoObject
Layer_BackGround_Object
5
0
2
0
16
1.26099992
0.00000000
0.00000000
0.00000000
0.00000000
3.47799969
0.00000000
0.00000000
0.00000000
0.00000000
0.99999994
0.00000000
10.45962048
1.73899972
11.46962070
1.00000000
Prototype_GameObject_DecoObject
Layer_BackGround_Object
5
0
2
1
16
0.99999994
0.00000000
0.00000000
0.00000000
0.00000000
2.72799969
0.00000000
0.00000000
0.00000000
0.00000000
0.99999994
0.00000000
10.09992123
1.36399972
0.00032114
1.00000000
Prototype_GameObject_DecoObject
Layer_BackGround_Object
5
0
2
1
16
0.99999994
0.00000000
0.00000000
0.00000000
0.00000000
2.72799969
0.00000000
0.00000000
0.00000000
0.00000000
0.99999994
0.00000000
6.55056429
1.36399972
0.01911154
1.00000000
Prototype_GameObject_DecoObject
Layer_BackGround_Object
5
0
2
0
35
3.24999976
0.00000000
0.00000000
0.00000000
0.00000000
4.55399942
0.00000000
0.00000000
0.00000000
0.00000000
0.99999994
0.00000000
3.50000000
2.27699947
10.47351170
1.00000000
Prototype_GameObject_DecoObject
Layer_BackGround_Object
5
0
2
0
35
3.24999976
0.00000000
0.00000000
0.00000000
0.00000000
4.55399942
0.00000000
0.00000000
0.00000000
0.00000000
0.99999994
0.00000000
13.50000000
2.27699947
9.47381401
1.00000000
Prototype_GameObject_DecoObject
Layer_BackGround_Object
5
0
2
1
90
3.80399966
0.00000000
0.00000000
0.00000000
0.00000000
3.08699965
0.00000000
0.00000000
0.00000000
0.00000000
0.99999994
0.00000000
12.90913486
1.54349971
11.15552330
1.00000000
Prototype_GameObject_DecoObject
Layer_BackGround_Object
5
0
2
1
90
2.01099968
0.00000000
0.00000000
0.00000000
0.00000000
1.48799992
0.00000000
0.00000000
0.00000000
0.00000000
0.99999994
0.00000000
11.87369823
0.74399990
0.70522511
1.00000000
Prototype_GameObject_DecoObject
Layer_BackGround_Object
5
0
2
1
90
2.59799981
0.00000000
0.00000000
0.00000000
0.00000000
2.17399979
0.00000000
0.00000000
0.00000000
0.00000000
0.99999994
0.00000000
3.50888157
1.08699977
0.11140633
1.00000000
Prototype_GameObject_DecoObject
Layer_BackGround_Object
5
0
2
1
90
2.30499983
0.00000000
0.00000000
0.00000000
0.00000000
1.45699990
0.00000000
0.00000000
0.00000000
0.00000000
0.99999994
0.00000000
5.38584948
0.72849989
0.64798802
1.00000000
Prototype_GameObject_InteractObject
Layer_BackGround_Object
3
0
0
0
28
1.65199983
0.00000000
0.00000000
0.00000000
0.00000000
1.58699989
0.00000000
0.00000000
0.00000000
0.00000000
0.99999994
0.00000000
0.49999997
0.79349989
0.50809151
1.00000000
Prototype_GameObject_InteractObject
Layer_BackGround_Object
3
0
0
0
28
0.99999994
0.00000000
0.00000000
0.00000000
0.00000000
0.99999994
0.00000000
0.00000000
0.00000000
0.00000000
0.99999994
0.00000000
11.47004986
0.49999994
6.51000023
1.00000000
Prototype_GameObject_InteractObject
Layer_BackGround_Object
3
0
0
0
28
0.99999994
0.00000000
0.00000000
0.00000000
0.00000000
1.97799993
0.00000000
0.00000000
0.00000000
0.00000000
0.99999994
0.00000000
11.47034740
0.98899990
10.48034763
1.00000000
Prototype_GameObject_InteractObject
Layer_BackGround_Object
3
0
0
0
28
1.61999989
0.00000000
0.00000000
0.00000000
0.00000000
1.97799993
0.00000000
0.00000000
0.00000000
0.00000000
0.99999994
0.00000000
5.48536301
0.98899990
9.48072624
1.00000000
Prototype_GameObject_InteractObject
Layer_BackGround_Object
3
0
0
1
27
1.13099992
0.00000000
0.00000000
0.00000000
0.00000000
1.52099991
0.00000000
0.00000000
0.00000000
0.00000000
0.99999994
0.00000000
1.44400227
0.76049989
0.08958955
1.00000000
Prototype_GameObject_InteractObject
Layer_BackGround_Object
3
0
0
1
27
1.13099992
0.00000000
0.00000000
0.00000000
0.00000000
1.52099991
0.00000000
0.00000000
0.00000000
0.00000000
0.99999994
0.00000000
11.21056652
0.76049989
0.19238472
1.00000000
Prototype_GameObject_InteractObject
Layer_BackGround_Object
3
0
0
1
27
1.13099992
0.00000000
0.00000000
0.00000000
0.00000000
1.52099991
0.00000000
0.00000000
0.00000000
0.00000000
0.99999994
0.00000000
12.38386631
0.76049989
7.08853531
1.00000000
Prototype_GameObject_InteractObject
Layer_BackGround_Object
3
0
0
1
27
2.27199984
0.00000000
0.00000000
0.00000000
0.00000000
3.08699965
0.00000000
0.00000000
0.00000000
0.00000000
0.99999994
0.00000000
16.19232559
1.54349971
11.39108372
1.00000000
Prototype_GameObject_InteractObject
Layer_BackGround_Object
3
0
0
1
34
1.97899985
0.00000000
0.00000000
0.00000000
0.00000000
2.85899973
0.00000000
0.00000000
0.00000000
0.00000000
0.99999994
0.00000000
1.20454037
1.42949975
9.34025574
1.00000000
Prototype_GameObject_InteractObject
Layer_BackGround_Object
3
0
0
1
34
1.97899985
0.00000000
0.00000000
0.00000000
0.00000000
2.85899973
0.00000000
0.00000000
0.00000000
0.00000000
0.99999994
0.00000000
14.98082829
1.42949975
10.54979801
1.00000000
Prototype_GameObject_InteractObject
Layer_BackGround_Object
3
0
0
1
34
1.97899985
0.00000000
0.00000000
0.00000000
0.00000000
2.85899973
0.00000000
0.00000000
0.00000000
0.00000000
0.99999994
0.00000000
14.98082829
1.42949975
10.54980946
1.00000000
Prototype_GameObject_InteractObject
Layer_BackGround_Object
3
0
0
1
34
1.32699990
0.00000000
0.00000000
0.00000000
0.00000000
1.81499994
0.00000000
0.00000000
0.00000000
0.00000000
0.99999994
0.00000000
16.08437538
0.90749991
9.91852951
1.00000000
Prototype_GameObject_InteractObject
Layer_BackGround_Object
3
0
0
1
34
1.32699990
0.00000000
0.00000000
0.00000000
0.00000000
1.81499994
0.00000000
0.00000000
0.00000000
0.00000000
0.99999994
0.00000000
13.65698528
0.90749991
0.21867752
1.00000000
Prototype_GameObject_InteractObject
Layer_BackGround_Object
3
0
0
1
34
2.85899973
0.00000000
0.00000000
0.00000000
0.00000000
1.81499994
0.00000000
0.00000000
0.00000000
0.00000000
0.99999994
0.00000000
15.53935051
0.90749991
1.03917778
1.00000000
Prototype_GameObject_InteractObject
Layer_BackGround_Object
3
0
0
1
34
1.32599986
0.00000000
0.00000000
0.00000000
0.00000000
1.26099992
0.00000000
0.00000000
0.00000000
0.00000000
0.99999994
0.00000000
15.99972057
0.63049990
0.22942924
1.00000000
Prototype_GameObject_DecoObject
Layer_BackGround_Object
5
0
2
1
43
2.49999976
0.00000000
0.00000000
0.00000000
0.00000000
1.35899985
0.00000000
0.00000000
0.00000000
0.00000000
0.99999994
0.00000000
15.27304459
0.67949986
7.77012444
1.00000000
Prototype_GameObject_DecoObject
Layer_BackGround_Object
5
0
2
1
43
1.71699989
0.00000000
0.00000000
0.00000000
0.00000000
0.99999994
0.00000000
0.00000000
0.00000000
0.00000000
0.99999994
0.00000000
1.86675417
0.49999994
6.67066383
1.00000000
Prototype_GameObject_InteractObject
Layer_BackGround_Object
3
1
0
1
40
0.99999994
0.00000000
0.00000000
0.00000000
0.00000000
0.99999994
0.00000000
0.00000000
0.00000000
0.00000000
0.99999994
0.00000000
4.01522875
0.49999994
4.11135387
1.00000000
Prototype_GameObject_InteractObject
Layer_BackGround_Object
3
1
0
1
40
0.99999994
0.00000000
0.00000000
0.00000000
0.00000000
0.99999994
0.00000000
0.00000000
0.00000000
0.00000000
0.99999994
0.00000000
12.92591858
0.49999994
2.82425737
1.00000000
Prototype_GameObject_InteractObject
Layer_BackGround_Object
3
1
0
1
40
0.99999994
0.00000000
0.00000000
0.00000000
0.00000000
0.99999994
0.00000000
0.00000000
0.00000000
0.00000000
0.99999994
0.00000000
8.52627182
0.49999994
7.25420189
1.00000000
Prototype_GameObject_DecoObject
Layer_BackGround_Object
5
0
1
2
6
5.85899973
0.00000000
0.00000000
0.00000000
0.00000000
8.89099884
0.00000000
0.00000000
0.00000000
0.00000000
0.99999994
0.00000000
3.75159431
4.44549990
13.53435898
1.00000000
Prototype_GameObject_DecoObject
Layer_BackGround_Object
5
0
1
2
6
5.85899973
0.00000000
0.00000000
0.00000000
0.00000000
8.89099884
0.00000000
0.00000000
0.00000000
0.00000000
0.99999994
0.00000000
12.99455929
4.44549990
14.41373253
1.00000000
Prototype_GameObject_DecoObject
Layer_BackGround_Object
5
0
1
2
6
5.85899973
0.00000000
0.00000000
0.00000000
0.00000000
8.89099884
0.00000000
0.00000000
0.00000000
0.00000000
0.99999994
0.00000000
-2.01857853
4.44549990
11.34593391
1.00000000
Prototype_GameObject_DecoObject
Layer_BackGround_Object
5
0
1
2
6
5.85899973
0.00000000
0.00000000
0.00000000
0.00000000
8.89099884
0.00000000
0.00000000
0.00000000
0.00000000
0.99999994
0.00000000
19.89356232
4.44549990
9.90957451
1.00000000
Prototype_GameObject_DecoObject
Layer_BackGround_Object
5
0
1
2
6
4.65199947
0.00000000
0.00000000
0.00000000
0.00000000
7.16299963
0.00000000
0.00000000
0.00000000
0.00000000
0.99999994
0.00000000
19.23697281
3.58150005
0.30344391
1.00000000
Prototype_GameObject_DecoObject
Layer_BackGround_Object
5
0
1
2
6
4.65199947
0.00000000
0.00000000
0.00000000
0.00000000
7.16299963
0.00000000
0.00000000
0.00000000
0.00000000
0.99999994
0.00000000
-2.37769008
3.58150005
3.01076126
1.00000000
Prototype_GameObject_DecoObject
Layer_BackGround_Object
5
0
1
2
6
4.65199947
0.00000000
0.00000000
0.00000000
0.00000000
7.16299963
0.00000000
0.00000000
0.00000000
0.00000000
0.99999994
0.00000000
-5.30640888
3.58150005
7.26137924
1.00000000
Prototype_GameObject_DecoObject
Layer_BackGround_Object
5
0
2
2
68
8.01099873
0.00000000
0.00000000
0.00000000
0.00000000
4.71699953
0.00000000
0.00000000
0.00000000
0.00000000
0.99999994
0.00000000
18.24285316
2.35850000
13.10341644
1.00000000
Prototype_GameObject_DecoObject
Layer_BackGround_Object
5
0
2
2
68
4.58699942
0.00000000
0.00000000
0.00000000
0.00000000
4.71699953
0.00000000
0.00000000
0.00000000
0.00000000
0.99999994
0.00000000
19.19953918
2.35850000
7.38921547
1.00000000
Prototype_GameObject_DecoObject
Layer_BackGround_Object
5
0
2
2
90
3.77199984
0.00000000
0.00000000
0.00000000
0.00000000
2.43499970
0.00000000
0.00000000
0.00000000
0.00000000
0.99999994
0.00000000
-2.80556774
1.21749997
0.01754570
1.00000000
Prototype_GameObject_DecoObject
Layer_BackGround_Object
5
0
2
2
73
1.81499994
0.00000000
0.00000000
0.00000000
0.00000000
2.92399979
0.00000000
0.00000000
0.00000000
0.00000000
0.99999994
0.00000000
-0.75328290
1.46200001
5.89522362
1.00000000
Prototype_GameObject_DecoObject
Layer_BackGround_Object
5
0
2
2
73
1.81499994
0.00000000
0.00000000
0.00000000
0.00000000
2.92399979
0.00000000
0.00000000
0.00000000
0.00000000
0.99999994
0.00000000
17.93293381
1.46200001
5.76906586
1.00000000
Prototype_GameObject_DecoObject
Layer_BackGround_Object
5
0
2
2
80
2.27199984
0.00000000
0.00000000
0.00000000
0.00000000
5.36999941
0.00000000
0.00000000
0.00000000
0.00000000
0.99999994
0.00000000
18.05224991
2.68499994
3.71684456
1.00000000
Prototype_GameObject_DecoObject
Layer_BackGround_Object
5
0
2
2
80
2.27199984
0.00000000
0.00000000
0.00000000
0.00000000
5.36999941
0.00000000
0.00000000
0.00000000
0.00000000
0.99999994
0.00000000
-1.66626966
2.68499994
8.25545120
1.00000000
Prototype_GameObject_DecoObject
Layer_BackGround_Object
5
0
2
2
85
1.48899984
0.00000000
0.00000000
0.00000000
0.00000000
4.35899973
0.00000000
0.00000000
0.00000000
0.00000000
0.99999994
0.00000000
-1.11504626
2.17950010
1.25482368
1.00000000
Prototype_GameObject_DecoObject
Layer_BackGround_Object
5
0
2
2
85
1.48899984
0.00000000
0.00000000
0.00000000
0.00000000
4.35899973
0.00000000
0.00000000
0.00000000
0.00000000
0.99999994
0.00000000
17.86686707
2.17950010
2.66151237
1.00000000
Prototype_GameObject_DecoObject
Layer_BackGround_Object
5
0
2
2
85
1.48899984
0.00000000
0.00000000
0.00000000
0.00000000
4.35899973
0.00000000
0.00000000
0.00000000
0.00000000
0.99999994
0.00000000
17.86686707
2.17950010
2.66151237
1.00000000
