30
30
14
49
Prototype_GameObject_DecoObject
Layer_BackGround_Object
5
0
1
2
2
9.99999905
0.00000000
0.00000000
0.00000000
0.00000000
9.99999905
0.00000000
0.00000000
0.00000000
0.00000000
0.99999994
0.00000000
2.15547848
5.00000000
31.00755310
1.00000000
Prototype_GameObject_DecoObject
Layer_BackGround_Object
5
0
1
2
2
9.99999905
0.00000000
0.00000000
0.00000000
0.00000000
9.99999905
0.00000000
0.00000000
0.00000000
0.00000000
0.99999994
0.00000000
8.33803368
5.00000000
35.38838959
1.00000000
Prototype_GameObject_DecoObject
Layer_BackGround_Object
5
0
1
2
2
9.99999905
0.00000000
0.00000000
0.00000000
0.00000000
9.99999905
0.00000000
0.00000000
0.00000000
0.00000000
0.99999994
0.00000000
25.66676903
5.00000000
30.55554771
1.00000000
Prototype_GameObject_DecoObject
Layer_BackGround_Object
5
0
1
2
2
9.99999905
0.00000000
0.00000000
0.00000000
0.00000000
9.99999905
0.00000000
0.00000000
0.00000000
0.00000000
0.99999994
0.00000000
22.18708611
5.00000000
34.42848969
1.00000000
Prototype_GameObject_DecoObject
Layer_BackGround_Object
5
0
2
2
132
9.99999905
0.00000000
0.00000000
0.00000000
0.00000000
9.99999905
0.00000000
0.00000000
0.00000000
0.00000000
0.99999994
0.00000000
15.01276016
5.00000000
31.32912445
1.00000000
Prototype_GameObject_DecoObject
Layer_BackGround_Object
5
0
2
0
125
9.99999905
0.00000000
0.00000000
0.00000000
0.00000000
4.91299963
0.00000000
0.00000000
0.00000000
0.00000000
0.99999994
0.00000000
5.46193123
2.45649958
28.51000023
1.00000000
Prototype_GameObject_DecoObject
Layer_BackGround_Object
5
0
2
0
125
9.99999905
0.00000000
0.00000000
0.00000000
0.00000000
4.91299963
0.00000000
0.00000000
0.00000000
0.00000000
0.99999994
0.00000000
24.50000000
2.45649958
28.51000023
1.00000000
Prototype_GameObject_DecoObject
Layer_BackGround_Object
5
0
2
2
102
4.84799957
0.00000000
0.00000000
0.00000000
0.00000000
7.12999964
0.00000000
0.00000000
0.00000000
0.00000000
0.99999994
0.00000000
14.92881966
3.56500006
29.76534843
1.00000000
Prototype_GameObject_DecoObject
Layer_BackGround_Object
5
1
2
2
39
9.99999905
0.00000000
0.00000000
0.00000000
0.00000000
0.99999994
0.00000000
0.00000000
0.00000000
0.00000000
6.67399931
0.00000000
15.16502380
0.50000000
22.75572968
1.00000000
Prototype_GameObject_DecoObject
Layer_BackGround_Object
5
0
2
2
20
1.48899984
0.00000000
0.00000000
0.00000000
0.00000000
3.60899973
0.00000000
0.00000000
0.00000000
0.00000000
0.99999994
0.00000000
11.84582520
1.80449998
28.76910210
1.00000000
Prototype_GameObject_DecoObject
Layer_BackGround_Object
5
0
2
2
20
1.48899984
0.00000000
0.00000000
0.00000000
0.00000000
3.60899973
0.00000000
0.00000000
0.00000000
0.00000000
0.99999994
0.00000000
18.28721619
1.80449998
28.89307976
1.00000000
Prototype_GameObject_DecoObject
Layer_BackGround_Object
5
0
2
0
126
5.20699930
0.00000000
0.00000000
0.00000000
0.00000000
1.74999988
0.00000000
0.00000000
0.00000000
0.00000000
0.99999994
0.00000000
12.50000000
0.87499988
27.51000023
1.00000000
Prototype_GameObject_DecoObject
Layer_BackGround_Object
5
0
2
0
126
5.20699930
0.00000000
0.00000000
0.00000000
0.00000000
1.74999988
0.00000000
0.00000000
0.00000000
0.00000000
0.99999994
0.00000000
17.37328148
0.87499988
27.51000023
1.00000000
Prototype_GameObject_DecoObject
Layer_BackGround_Object
5
0
2
0
45
1.52199984
0.00000000
0.00000000
0.00000000
0.00000000
3.28299975
0.00000000
0.00000000
0.00000000
0.00000000
0.99999994
0.00000000
9.43981838
1.64149976
27.51000023
1.00000000
Prototype_GameObject_DecoObject
Layer_BackGround_Object
5
0
2
0
45
1.52199984
0.00000000
0.00000000
0.00000000
0.00000000
3.28299975
0.00000000
0.00000000
0.00000000
0.00000000
0.99999994
0.00000000
20.37985611
1.64149976
27.51000023
1.00000000
Prototype_GameObject_DecoObject
Layer_BackGround_Object
5
0
2
0
45
1.52199984
0.00000000
0.00000000
0.00000000
0.00000000
3.28299975
0.00000000
0.00000000
0.00000000
0.00000000
0.99999994
0.00000000
1.49250662
1.64149976
26.51000023
1.00000000
Prototype_GameObject_DecoObject
Layer_BackGround_Object
5
0
2
0
45
1.52199984
0.00000000
0.00000000
0.00000000
0.00000000
3.28299975
0.00000000
0.00000000
0.00000000
0.00000000
0.99999994
0.00000000
28.50000000
1.64149976
27.51000023
1.00000000
Prototype_GameObject_DecoObject
Layer_BackGround_Object
5
0
2
0
2
0.99999994
0.00000000
0.00000000
0.00000000
0.00000000
1.65199983
0.00000000
0.00000000
0.00000000
0.00000000
0.99999994
0.00000000
0.49999997
0.82599986
17.39752388
1.00000000
Prototype_GameObject_DecoObject
Layer_BackGround_Object
5
0
2
0
2
0.99999994
0.00000000
0.00000000
0.00000000
0.00000000
1.65199983
0.00000000
0.00000000
0.00000000
0.00000000
0.99999994
0.00000000
0.49999997
0.82599986
8.45402908
1.00000000
Prototype_GameObject_DecoObject
Layer_BackGround_Object
5
0
2
0
2
0.99999994
0.00000000
0.00000000
0.00000000
0.00000000
1.65199983
0.00000000
0.00000000
0.00000000
0.00000000
0.99999994
0.00000000
0.49999997
0.82599986
0.50650680
1.00000000
Prototype_GameObject_DecoObject
Layer_BackGround_Object
5
0
2
0
2
0.99999994
0.00000000
0.00000000
0.00000000
0.00000000
1.65199983
0.00000000
0.00000000
0.00000000
0.00000000
0.99999994
0.00000000
6.50000000
0.82599986
0.50652081
1.00000000
Prototype_GameObject_DecoObject
Layer_BackGround_Object
5
0
2
0
2
0.99999994
0.00000000
0.00000000
0.00000000
0.00000000
1.65199983
0.00000000
0.00000000
0.00000000
0.00000000
0.99999994
0.00000000
28.50000000
0.82599986
0.50653863
1.00000000
Prototype_GameObject_DecoObject
Layer_BackGround_Object
5
0
2
0
2
0.99999994
0.00000000
0.00000000
0.00000000
0.00000000
1.65199983
0.00000000
0.00000000
0.00000000
0.00000000
0.99999994
0.00000000
21.38940811
0.82599986
0.50654399
1.00000000
Prototype_GameObject_DecoObject
Layer_BackGround_Object
5
0
2
0
2
0.99999994
0.00000000
0.00000000
0.00000000
0.00000000
1.65199983
0.00000000
0.00000000
0.00000000
0.00000000
0.99999994
0.00000000
28.50000000
0.82599986
18.40015030
1.00000000
Prototype_GameObject_DecoObject
Layer_BackGround_Object
5
0
2
0
2
0.99999994
0.00000000
0.00000000
0.00000000
0.00000000
1.65199983
0.00000000
0.00000000
0.00000000
0.00000000
0.99999994
0.00000000
28.50000000
0.82599986
9.45528316
1.00000000
Prototype_GameObject_DecoObject
Layer_BackGround_Object
5
0
2
2
97
6.70699930
0.00000000
0.00000000
0.00000000
0.00000000
9.99999905
0.00000000
0.00000000
0.00000000
0.00000000
0.99999994
0.00000000
3.44372416
5.00000000
42.11738968
1.00000000
Prototype_GameObject_DecoObject
Layer_BackGround_Object
5
0
2
2
97
6.70699930
0.00000000
0.00000000
0.00000000
0.00000000
9.99999905
0.00000000
0.00000000
0.00000000
0.00000000
0.99999994
0.00000000
26.70902824
5.00000000
39.21081161
1.00000000
Prototype_GameObject_DecoObject
Layer_BackGround_Object
5
0
2
2
97
6.02199936
0.00000000
0.00000000
0.00000000
0.00000000
9.99999905
0.00000000
0.00000000
0.00000000
0.00000000
0.99999994
0.00000000
-3.03834343
5.00000000
23.81566620
1.00000000
Prototype_GameObject_DecoObject
Layer_BackGround_Object
5
0
2
2
97
6.02199936
0.00000000
0.00000000
0.00000000
0.00000000
9.99999905
0.00000000
0.00000000
0.00000000
0.00000000
0.99999994
0.00000000
30.20156288
5.00000000
24.26614380
1.00000000
Prototype_GameObject_DecoObject
Layer_BackGround_Object
5
0
2
2
68
9.99999905
0.00000000
0.00000000
0.00000000
0.00000000
6.37999964
0.00000000
0.00000000
0.00000000
0.00000000
0.99999994
0.00000000
-1.96667409
3.19000006
28.53684616
1.00000000
Prototype_GameObject_DecoObject
Layer_BackGround_Object
5
0
2
2
68
9.99999905
0.00000000
0.00000000
0.00000000
0.00000000
6.37999964
0.00000000
0.00000000
0.00000000
0.00000000
0.99999994
0.00000000
31.76759148
3.19000006
29.35637283
1.00000000
Prototype_GameObject_DecoObject
Layer_BackGround_Object
5
0
2
2
68
9.99999905
0.00000000
0.00000000
0.00000000
0.00000000
9.99999905
0.00000000
0.00000000
0.00000000
0.00000000
0.99999994
0.00000000
-6.37245655
5.00000000
18.29502106
1.00000000
Prototype_GameObject_DecoObject
Layer_BackGround_Object
5
0
2
2
68
9.99999905
0.00000000
0.00000000
0.00000000
0.00000000
9.99999905
0.00000000
0.00000000
0.00000000
0.00000000
0.99999994
0.00000000
34.28566360
5.00000000
18.91971588
1.00000000
Prototype_GameObject_DecoObject
Layer_BackGround_Object
5
0
2
2
109
4.48899937
0.00000000
0.00000000
0.00000000
0.00000000
8.95699883
0.00000000
0.00000000
0.00000000
0.00000000
0.99999994
0.00000000
31.39220238
4.47849989
6.79914474
1.00000000
Prototype_GameObject_DecoObject
Layer_BackGround_Object
5
0
2
2
101
2.43499970
0.00000000
0.00000000
0.00000000
0.00000000
6.08699942
0.00000000
0.00000000
0.00000000
0.00000000
0.99999994
0.00000000
32.45375443
3.04349995
12.85064602
1.00000000
Prototype_GameObject_DecoObject
Layer_BackGround_Object
5
0
2
2
73
1.45699990
0.00000000
0.00000000
0.00000000
0.00000000
3.73799968
0.00000000
0.00000000
0.00000000
0.00000000
0.99999994
0.00000000
29.97358131
1.86899996
13.82672405
1.00000000
Prototype_GameObject_DecoObject
Layer_BackGround_Object
5
0
2
2
73
1.45699990
0.00000000
0.00000000
0.00000000
0.00000000
3.73799968
0.00000000
0.00000000
0.00000000
0.00000000
0.99999994
0.00000000
29.59357834
1.86899996
8.40494633
1.00000000
Prototype_GameObject_DecoObject
Layer_BackGround_Object
5
0
2
2
73
1.45699990
0.00000000
0.00000000
0.00000000
0.00000000
3.73799968
0.00000000
0.00000000
0.00000000
0.00000000
0.99999994
0.00000000
29.85433769
1.86899996
2.67892456
1.00000000
Prototype_GameObject_DecoObject
Layer_BackGround_Object
5
0
2
2
73
1.45699990
0.00000000
0.00000000
0.00000000
0.00000000
3.73799968
0.00000000
0.00000000
0.00000000
0.00000000
0.99999994
0.00000000
-0.90380335
1.86899996
2.53285217
1.00000000
Prototype_GameObject_DecoObject
Layer_BackGround_Object
5
0
2
2
73
1.45699990
0.00000000
0.00000000
0.00000000
0.00000000
3.73799968
0.00000000
0.00000000
0.00000000
0.00000000
0.99999994
0.00000000
-1.16577911
1.86899996
8.25088501
1.00000000
Prototype_GameObject_DecoObject
Layer_BackGround_Object
5
0
2
2
73
1.45699990
0.00000000
0.00000000
0.00000000
0.00000000
3.73799968
0.00000000
0.00000000
0.00000000
0.00000000
0.99999994
0.00000000
-1.31434155
1.86899996
14.45402527
1.00000000
Prototype_GameObject_DecoObject
Layer_BackGround_Object
5
0
2
2
56
2.98899984
0.00000000
0.00000000
0.00000000
0.00000000
8.72799873
0.00000000
0.00000000
0.00000000
0.00000000
0.99999994
0.00000000
-1.42766476
4.36399984
22.02903938
1.00000000
Prototype_GameObject_DecoObject
Layer_BackGround_Object
5
0
2
2
56
2.98899984
0.00000000
0.00000000
0.00000000
0.00000000
8.72799873
0.00000000
0.00000000
0.00000000
0.00000000
0.99999994
0.00000000
30.30166054
4.36399984
22.01881981
1.00000000
Prototype_GameObject_DecoObject
Layer_BackGround_Object
5
0
2
2
110
4.78299952
0.00000000
0.00000000
0.00000000
0.00000000
9.99999905
0.00000000
0.00000000
0.00000000
0.00000000
0.99999994
0.00000000
31.86755371
5.00000000
16.79689026
1.00000000
Prototype_GameObject_DecoObject
Layer_BackGround_Object
5
0
2
2
110
4.78299952
0.00000000
0.00000000
0.00000000
0.00000000
9.99999905
0.00000000
0.00000000
0.00000000
0.00000000
0.99999994
0.00000000
-2.64156723
5.00000000
12.05728531
1.00000000
Prototype_GameObject_DecoObject
Layer_BackGround_Object
5
0
2
2
54
2.98999977
0.00000000
0.00000000
0.00000000
0.00000000
7.35899973
0.00000000
0.00000000
0.00000000
0.00000000
0.99999994
0.00000000
-2.49227047
3.67950010
5.36700821
1.00000000
Prototype_GameObject_DecoObject
Layer_BackGround_Object
5
0
2
2
69
2.59799981
0.00000000
0.00000000
0.00000000
0.00000000
3.54399967
0.00000000
0.00000000
0.00000000
0.00000000
0.99999994
0.00000000
-1.16898346
1.77199996
26.30133057
1.00000000
Prototype_GameObject_DecoObject
Layer_BackGround_Object
5
0
2
2
69
2.59799981
0.00000000
0.00000000
0.00000000
0.00000000
3.54399967
0.00000000
0.00000000
0.00000000
0.00000000
0.99999994
0.00000000
30.36129761
1.77199996
26.04432297
1.00000000
Prototype_GameObject_DecoObject
Layer_BackGround_Object
5
0
2
2
69
2.59799981
0.00000000
0.00000000
0.00000000
0.00000000
3.54399967
0.00000000
0.00000000
0.00000000
0.00000000
0.99999994
0.00000000
-68.06889343
1.77199996
49.67581558
1.00000000
